96
96
0.0 
90.0 
180.0 
270.0 
140.0 
230.0 
320.0 
410.0 
220.0 
270.0 
340.0 
425.0 
360.0 
450.0 
540.0 
630.0 
440.0 
490.0 
560.0 
645.0 
580.0 
670.0 
760.0 
850.0 
660.0 
710.0 
780.0 
865.0 
800.0 
890.0 
980.0 
1070.0 
880.0 
930.0 
1000.0 
1085.0 
1020.0 
1110.0 
1200.0 
1290.0 
1100.0 
1150.0 
1220.0 
1305.0 
1240.0 
1330.0 
1420.0 
1510.0 
1590.0 
1500.0 
1410.0 
1320.0 
1730.0 
1640.0 
1550.0 
1460.0 
1745.0 
1660.0 
1590.0 
1540.0 
1950.0 
1860.0 
1770.0 
1680.0 
1965.0 
1880.0 
1810.0 
1760.0 
2170.0 
2080.0 
1990.0 
1900.0 
2185.0 
2100.0 
2030.0 
1980.0 
2390.0 
2300.0 
2210.0 
2120.0 
2405.0 
2320.0 
2250.0 
2200.0 
2610.0 
2520.0 
2430.0 
2340.0 
2625.0 
2540.0 
2470.0 
2420.0 
2830.0 
2740.0 
2650.0 
2560.0 
90.0 
0.0 
90.0 
180.0 
230.0 
320.0 
410.0 
500.0 
310.0 
360.0 
430.0 
515.0 
450.0 
540.0 
630.0 
720.0 
530.0 
580.0 
650.0 
735.0 
670.0 
760.0 
850.0 
940.0 
750.0 
800.0 
870.0 
955.0 
890.0 
980.0 
1070.0 
1160.0 
970.0 
1020.0 
1090.0 
1175.0 
1110.0 
1200.0 
1290.0 
1380.0 
1190.0 
1240.0 
1310.0 
1395.0 
1330.0 
1420.0 
1510.0 
1600.0 
1680.0 
1590.0 
1500.0 
1410.0 
1820.0 
1730.0 
1640.0 
1550.0 
1835.0 
1750.0 
1680.0 
1630.0 
2040.0 
1950.0 
1860.0 
1770.0 
2055.0 
1970.0 
1900.0 
1850.0 
2260.0 
2170.0 
2080.0 
1990.0 
2275.0 
2190.0 
2120.0 
2070.0 
2480.0 
2390.0 
2300.0 
2210.0 
2495.0 
2410.0 
2340.0 
2290.0 
2700.0 
2610.0 
2520.0 
2430.0 
2715.0 
2630.0 
2560.0 
2510.0 
2920.0 
2830.0 
2740.0 
2650.0 
180.0 
90.0 
0.0
90.0 
320.0 
410.0 
500.0 
590.0 
400.0 
450.0 
520.0 
605.0 
540.0 
630.0 
720.0 
810.0 
620.0 
670.0 
740.0 
825.0 
760.0 
850.0 
940.0 
1030.0 
840.0 
890.0 
960.0 
1045.0 
980.0 
1070.0 
1160.0 
1250.0 
1060.0 
1110.0 
1180.0 
1265.0 
1200.0 
1290.0 
1380.0 
1470.0 
1280.0 
1330.0 
1400.0 
1485.0 
1420.0 
1510.0 
1600.0 
1690.0 
1770.0 
1680.0 
1590.0 
1500.0 
1910.0 
1820.0 
1730.0 
1640.0 
1925.0 
1840.0 
1770.0 
1720.0 
2130.0 
2040.0 
1950.0 
1860.0 
2145.0 
2060.0 
1990.0 
1940.0 
2350.0 
2260.0 
2170.0 
2080.0 
2365.0 
2280.0 
2210.0 
2160.0 
2570.0 
2480.0 
2390.0 
2300.0 
2585.0 
2500.0 
2430.0 
2380.0 
2790.0 
2700.0 
2610.0 
2520.0 
2805.0 
2720.0 
2650.0 
2600.0 
3010.0 
2920.0 
2830.0 
2740.0 
270.0 
180.0 
90.0 
0.0 
410.0 
500.0 
590.0 
680.0 
490.0 
540.0 
610.0 
695.0 
630.0 
720.0 
810.0 
900.0 
710.0 
760.0 
830.0 
915.0 
850.0 
940.0 
1030.0 
1120.0 
930.0 
980.0 
1050.0 
1135.0 
1070.0 
1160.0 
1250.0 
1340.0 
1150.0 
1200.0 
1270.0 
1355.0 
1290.0 
1380.0 
1470.0 
1560.0 
1370.0 
1420.0 
1490.0 
1575.0 
1510.0 
1600.0 
1690.0 
1780.0 
1860.0 
1770.0 
1680.0 
1590.0 
2000.0 
1910.0 
1820.0 
1730.0 
2015.0 
1930.0 
1860.0 
1810.0 
2220.0 
2130.0 
2040.0 
1950.0 
2235.0 
2150.0 
2080.0 
2030.0 
2440.0 
2350.0 
2260.0 
2170.0 
2455.0 
2370.0 
2300.0 
2250.0 
2660.0 
2570.0 
2480.0 
2390.0 
2675.0 
2590.0 
2520.0 
2470.0 
2880.0 
2790.0 
2700.0 
2610.0 
2895.0 
2810.0 
2740.0 
2690.0 
3100.0 
3010.0 
2920.0 
2830.0 
140.0 
230.0 
320.0 
410.0 
0.0 
90.0 
180.0 
270.0 
80.0 
130.0 
200.0 
285.0 
220.0 
310.0 
400.0 
490.0 
300.0 
350.0 
420.0 
505.0 
440.0 
530.0 
620.0 
710.0 
520.0 
570.0 
640.0 
725.0 
660.0 
750.0 
840.0 
930.0 
740.0 
790.0 
860.0 
945.0 
880.0 
970.0 
1060.0 
1150.0 
960.0 
1010.0 
1080.0 
1165.0 
1100.0 
1190.0 
1280.0 
1370.0 
1730.0 
1640.0 
1550.0 
1460.0 
1870.0 
1780.0 
1690.0 
1600.0 
1885.0 
1800.0 
1730.0 
1680.0 
2090.0 
2000.0 
1910.0 
1820.0 
2105.0 
2020.0 
1950.0 
1900.0 
2310.0 
2220.0 
2130.0 
2040.0 
2325.0 
2240.0 
2170.0 
2120.0 
2530.0 
2440.0 
2350.0 
2260.0 
2545.0 
2460.0 
2390.0 
2340.0 
2750.0 
2660.0 
2570.0 
2480.0 
2765.0 
2680.0 
2610.0 
2560.0 
2690.0 
2600.0 
2510.0 
2420.0 
230.0 
320.0 
410.0 
500.0 
90.0 
0.0 
90.0 
180.0 
130.0 
80.0 
130.0 
200.0 
270.0 
360.0 
450.0 
540.0 
350.0 
400.0 
470.0 
555.0 
490.0 
580.0 
670.0 
760.0 
570.0 
620.0 
690.0 
775.0 
710.0 
800.0 
890.0 
980.0 
790.0 
840.0 
910.0 
995.0 
930.0 
1020.0 
1110.0 
1200.0 
1010.0 
1060.0 
1130.0 
1215.0 
1150.0 
1240.0 
1330.0 
1420.0 
1820.0 
1730.0 
1640.0 
1550.0 
1960.0 
1870.0 
1780.0 
1690.0 
1975.0 
1890.0 
1820.0 
1770.0 
2180.0 
2090.0 
2000.0 
1910.0 
2195.0 
2110.0 
2040.0 
1990.0 
2400.0 
2310.0 
2220.0 
2130.0 
2415.0 
2330.0 
2260.0 
2210.0 
2620.0 
2530.0 
2440.0 
2350.0 
2635.0 
2550.0 
2480.0 
2430.0 
2840.0 
2750.0 
2660.0 
2570.0 
2855.0 
2770.0 
2700.0 
2610.0 
2740.0 
2650.0 
2560.0 
2470.0 
320.0 
410.0 
500.0 
590.0 
180.0 
90.0 
0.0 
90.0 
200.0 
130.0 
80.0 
130.0 
340.0 
430.0 
520.0 
610.0 
420.0 
470.0 
540.0 
625.0 
560.0 
650.0 
740.0 
830.0 
640.0 
690.0 
760.0 
845.0 
780.0 
870.0 
960.0 
1050.0 
860.0 
910.0 
980.0 
1065.0 
1000.0 
1090.0 
1180.0 
1270.0 
1080.0 
1130.0 
1200.0 
1285.0 
1220.0 
1310.0 
1400.0 
1490.0 
1910.0 
1820.0 
1730.0 
1640.0 
2050.0 
1960.0 
1870.0 
1780.0 
2065.0 
1980.0 
1910.0 
1860.0 
2270.0 
2180.0 
2090.0 
2000.0 
2285.0 
2200.0 
2130.0 
2080.0 
2490.0 
2400.0 
2310.0 
2220.0 
2505.0 
2420.0 
2350.0 
2300.0 
2710.0 
2620.0 
2530.0 
2440.0 
2725.0 
2640.0 
2570.0 
2520.0 
2930.0 
2840.0 
2750.0 
2660.0 
2945.0 
2860.0 
2770.0 
2680.0 
2810.0 
2720.0 
2630.0 
2540.0 
410.0 
500.0 
590.0 
680.0 
270.0 
180.0 
90.0 
0.0 
285.0 
200.0 
130.0 
80.0 
425.0 
515.0 
605.0 
695.0 
505.0 
555.0 
625.0 
710.0 
645.0 
735.0 
825.0 
915.0 
725.0 
775.0 
845.0 
930.0 
865.0 
955.0 
1045.0 
1135.0 
945.0 
995.0 
1065.0 
1150.0 
1085.0 
1175.0 
1265.0 
1355.0 
1165.0 
1215.0 
1285.0 
1370.0 
1305.0 
1395.0 
1485.0 
1575.0 
2000.0 
1910.0 
1820.0 
1730.0 
2140.0 
2050.0 
1960.0 
1870.0 
2155.0 
2070.0 
2000.0 
1950.0 
2360.0 
2270.0 
2180.0 
2090.0 
2375.0 
2290.0 
2220.0 
2170.0 
2580.0 
2490.0 
2400.0 
2310.0 
2595.0 
2510.0 
2440.0 
2390.0 
2800.0 
2710.0 
2620.0 
2530.0 
2815.0 
2730.0 
2660.0 
2610.0 
3020.0 
2930.0 
2840.0 
2750.0 
3035.0 
2945.0 
2855.0 
2765.0 
2895.0 
2805.0 
2715.0 
2625.0 
220.0 
310.0 
400.0 
490.0 
80.0 
130.0 
200.0 
285.0 
0.0 
90.0 
180.0 
270.0 
140.0 
230.0 
320.0 
410.0 
220.0 
270.0 
340.0 
425.0 
360.0 
450.0 
540.0 
630.0 
440.0 
490.0 
560.0 
645.0 
580.0 
670.0 
760.0 
850.0 
660.0 
710.0 
780.0 
865.0 
800.0 
890.0 
980.0 
1070.0 
880.0 
930.0 
1000.0 
1085.0 
1020.0 
1110.0 
1200.0 
1290.0 
1810.0 
1720.0 
1630.0 
1540.0 
1950.0 
1860.0 
1770.0 
1680.0 
1965.0 
1880.0 
1810.0 
1760.0 
2170.0 
2080.0 
1990.0 
1900.0 
2185.0 
2100.0 
2030.0 
1980.0 
2390.0 
2300.0 
2210.0 
2120.0 
2405.0 
2320.0 
2250.0 
2200.0 
2610.0 
2520.0 
2430.0 
2340.0 
2625.0 
2540.0 
2470.0 
2420.0 
2765.0 
2680.0 
2610.0 
2560.0 
2750.0 
2660.0 
2570.0 
2480.0 
2610.0 
2520.0 
2430.0 
2340.0 
270.0 
360.0 
450.0 
540.0 
130.0 
80.0 
130.0 
200.0 
90.0 
0.0 
90.0 
180.0 
230.0 
320.0 
410.0 
500.0 
310.0 
360.0 
430.0 
515.0 
450.0 
540.0 
630.0 
720.0 
530.0 
580.0 
650.0 
735.0 
670.0 
760.0 
850.0 
940.0 
750.0 
800.0 
870.0 
955.0 
890.0 
980.0 
1070.0 
1160.0 
970.0 
1020.0 
1090.0 
1175.0 
1110.0 
1200.0 
1290.0 
1380.0 
1860.0 
1770.0 
1680.0 
1590.0 
2000.0 
1910.0 
1820.0 
1730.0 
2015.0 
1930.0 
1860.0 
1810.0 
2220.0 
2130.0 
2040.0 
1950.0 
2235.0 
2150.0 
2080.0 
2030.0 
2440.0 
2350.0 
2260.0 
2170.0 
2455.0 
2370.0 
2300.0 
2250.0 
2660.0 
2570.0 
2480.0 
2390.0 
2675.0 
2590.0 
2520.0 
2470.0 
2855.0 
2770.0 
2700.0 
2610.0 
2840.0 
2750.0 
2660.0 
2570.0 
2700.0 
2610.0 
2520.0 
2430.0 
340.0 
430.0 
520.0 
610.0 
200.0 
130.0 
80.0 
130.0 
180.0 
90.0 
0.0 
90.0 
320.0 
410.0 
500.0 
590.0 
400.0 
450.0 
520.0 
605.0 
540.0 
630.0 
720.0 
810.0 
620.0 
670.0 
740.0 
825.0 
760.0 
850.0 
940.0 
1030.0 
840.0 
890.0 
960.0 
1045.0 
980.0 
1070.0 
1160.0 
1250.0 
1060.0 
1110.0 
1180.0 
1265.0 
1200.0 
1290.0 
1380.0 
1470.0 
1930.0 
1840.0 
1750.0 
1660.0 
2070.0 
1980.0 
1890.0 
1800.0 
2085.0 
2000.0 
1930.0 
1880.0 
2290.0 
2200.0 
2110.0 
2020.0 
2305.0 
2220.0 
2150.0 
2100.0 
2510.0 
2420.0 
2330.0 
2240.0 
2525.0 
2440.0 
2370.0 
2320.0 
2730.0 
2640.0 
2550.0 
2460.0 
2745.0 
2660.0 
2590.0 
2540.0 
2945.0 
2860.0 
2770.0 
2680.0 
2930.0 
2840.0 
2750.0 
2660.0 
2790.0 
2700.0 
2610.0 
2520.0 
425.0 
515.0 
605.0 
695.0 
285.0 
200.0 
130.0 
80.0 
270.0 
180.0 
90.0 
0.0 
410.0 
500.0 
590.0 
680.0 
490.0 
540.0 
610.0 
695.0 
630.0 
720.0 
810.0 
900.0 
710.0 
760.0 
830.0 
915.0 
850.0 
940.0 
1030.0 
1120.0 
930.0 
980.0 
1050.0 
1135.0 
1070.0 
1160.0 
1250.0 
1340.0 
1150.0 
1200.0 
1270.0 
1355.0 
1290.0 
1380.0 
1470.0 
1560.0 
2015.0 
1925.0 
1835.0 
1745.0 
2155.0 
2065.0 
1975.0 
1885.0 
2170.0 
2085.0 
2015.0 
1965.0 
2375.0 
2285.0 
2195.0 
2105.0 
2390.0 
2305.0 
2235.0 
2185.0 
2595.0 
2505.0 
2415.0 
2325.0 
2610.0 
2525.0 
2455.0 
2405.0 
2815.0 
2725.0 
2635.0 
2545.0 
2830.0 
2745.0 
2675.0 
2625.0 
3035.0 
2945.0 
2855.0 
2765.0 
3020.0 
2930.0 
2840.0 
2750.0 
2880.0 
2790.0 
2700.0 
2610.0 
360.0 
450.0 
540.0 
630.0 
220.0 
270.0 
340.0 
425.0 
140.0 
230.0 
320.0 
410.0 
0.0 
90.0 
180.0 
270.0 
80.0 
130.0 
200.0 
285.0 
220.0 
310.0 
400.0 
490.0 
300.0 
350.0 
420.0 
505.0 
440.0 
530.0 
620.0 
710.0 
520.0 
570.0 
640.0 
725.0 
660.0 
750.0 
840.0 
930.0 
740.0 
790.0 
860.0 
945.0 
880.0 
970.0 
1060.0 
1150.0 
1950.0 
1860.0 
1770.0 
1680.0 
2090.0 
2000.0 
1910.0 
1820.0 
2105.0 
2020.0 
1950.0 
1900.0 
2310.0 
2220.0 
2130.0 
2040.0 
2325.0 
2240.0 
2170.0 
2120.0 
2530.0 
2440.0 
2350.0 
2260.0 
2545.0 
2460.0 
2390.0 
2340.0 
2750.0 
2660.0 
2570.0 
2480.0 
2765.0 
2680.0 
2610.0 
2560.0 
2625.0 
2540.0 
2470.0 
2420.0 
2610.0 
2520.0 
2430.0 
2340.0 
2470.0 
2380.0 
2290.0 
2200.0 
450.0 
540.0 
630.0 
720.0 
310.0 
360.0 
430.0 
515.0 
230.0 
320.0 
410.0 
500.0 
90.0 
0.0 
90.0 
180.0 
130.0 
80.0 
130.0 
200.0 
270.0 
360.0 
450.0 
540.0 
350.0 
400.0 
470.0 
555.0 
490.0 
580.0 
670.0 
760.0 
570.0 
620.0 
690.0 
775.0 
710.0 
800.0 
890.0 
980.0 
790.0 
840.0 
910.0 
995.0 
930.0 
1020.0 
1110.0 
1200.0 
2040.0 
1950.0 
1860.0 
1770.0 
2180.0 
2090.0 
2000.0 
1910.0 
2195.0 
2110.0 
2040.0 
1990.0 
2400.0 
2310.0 
2220.0 
2130.0 
2415.0 
2330.0 
2260.0 
2210.0 
2620.0 
2530.0 
2440.0 
2350.0 
2635.0 
2550.0 
2480.0 
2430.0 
2840.0 
2750.0 
2660.0 
2570.0 
2855.0 
2770.0 
2700.0 
2610.0 
2675.0 
2590.0 
2520.0 
2470.0 
2660.0 
2570.0 
2480.0 
2390.0 
2520.0 
2430.0 
2340.0 
2250.0 
540.0 
630.0 
720.0 
810.0 
400.0 
450.0 
520.0 
605.0 
320.0 
410.0 
500.0 
590.0 
180.0 
90.0 
0.0 
90.0 
200.0 
130.0 
80.0 
130.0 
340.0 
430.0 
520.0 
610.0 
420.0 
470.0 
540.0 
625.0 
560.0 
650.0 
740.0 
830.0 
640.0 
690.0 
760.0 
845.0 
780.0 
870.0 
960.0 
1050.0 
860.0 
910.0 
980.0 
1065.0 
1000.0 
1090.0 
1180.0 
1270.0 
2130.0 
2040.0 
1950.0 
1860.0 
2270.0 
2180.0 
2090.0 
2000.0 
2285.0 
2200.0 
2130.0 
2080.0 
2490.0 
2400.0 
2310.0 
2220.0 
2505.0 
2420.0 
2350.0 
2300.0 
2710.0 
2620.0 
2530.0 
2440.0 
2725.0 
2640.0 
2570.0 
2520.0 
2930.0 
2840.0 
2750.0 
2660.0 
2945.0 
2860.0 
2770.0 
2680.0 
2745.0 
2660.0 
2590.0 
2540.0 
2730.0 
2640.0 
2550.0 
2460.0 
2590.0 
2500.0 
2410.0 
2320.0 
630.0 
720.0 
810.0 
900.0 
490.0 
540.0 
610.0 
695.0 
410.0 
500.0 
590.0 
680.0 
270.0 
180.0 
90.0 
0.0 
285.0 
200.0 
130.0 
80.0 
425.0 
515.0 
605.0 
695.0 
505.0 
555.0 
625.0 
710.0 
645.0 
735.0 
825.0 
915.0 
725.0 
775.0 
845.0 
930.0 
865.0 
955.0 
1045.0 
1135.0 
945.0 
995.0 
1065.0 
1150.0 
1085.0 
1175.0 
1265.0 
1355.0 
2220.0 
2130.0 
2040.0 
1950.0 
2360.0 
2270.0 
2180.0 
2090.0 
2375.0 
2290.0 
2220.0 
2170.0 
2580.0 
2490.0 
2400.0 
2310.0 
2595.0 
2510.0 
2440.0 
2390.0 
2800.0 
2710.0 
2620.0 
2530.0 
2815.0 
2730.0 
2660.0 
2610.0 
3020.0 
2930.0 
2840.0 
2750.0 
3035.0 
2945.0 
2855.0 
2765.0 
2830.0 
2745.0 
2675.0 
2625.0 
2815.0 
2725.0 
2635.0 
2545.0 
2675.0 
2585.0 
2495.0 
2405.0 
440.0 
530.0 
620.0 
710.0 
300.0 
350.0 
420.0 
505.0 
220.0 
310.0 
400.0 
490.0 
80.0 
130.0 
200.0 
285.0 
0.0 
90.0 
180.0 
270.0 
140.0 
230.0 
320.0 
410.0 
220.0 
270.0 
340.0 
425.0 
360.0 
450.0 
540.0 
630.0 
440.0 
490.0 
560.0 
645.0 
580.0 
670.0 
760.0 
850.0 
660.0 
710.0 
780.0 
865.0 
800.0 
890.0 
980.0 
1070.0 
2030.0 
1940.0 
1850.0 
1760.0 
2170.0 
2080.0 
1990.0 
1900.0 
2185.0 
2100.0 
2030.0 
1980.0 
2390.0 
2300.0 
2210.0 
2120.0 
2405.0 
2320.0 
2250.0 
2200.0 
2610.0 
2520.0 
2430.0 
2340.0 
2625.0 
2540.0 
2470.0 
2420.0 
2765.0 
2680.0 
2610.0 
2560.0 
2750.0 
2660.0 
2570.0 
2480.0 
2545.0 
2460.0 
2390.0 
2340.0 
2530.0 
2440.0 
2350.0 
2260.0 
2390.0 
2300.0 
2210.0 
2120.0 
490.0 
580.0 
670.0 
760.0 
350.0 
400.0 
470.0 
555.0 
270.0 
360.0 
450.0 
540.0 
130.0 
80.0 
130.0 
200.0 
90.0 
0.0 
90.0 
180.0 
230.0 
320.0 
410.0 
500.0 
310.0 
360.0 
430.0 
515.0 
450.0 
540.0 
630.0 
720.0 
530.0 
580.0 
650.0 
735.0 
670.0 
760.0 
850.0 
940.0 
750.0 
800.0 
870.0 
955.0 
890.0 
980.0 
1070.0 
1160.0 
2080.0 
1990.0 
1900.0 
1810.0 
2220.0 
2130.0 
2040.0 
1950.0 
2235.0 
2150.0 
2080.0 
2030.0 
2440.0 
2350.0 
2260.0 
2170.0 
2455.0 
2370.0 
2300.0 
2250.0 
2660.0 
2570.0 
2480.0 
2390.0 
2675.0 
2590.0 
2520.0 
2470.0 
2855.0 
2770.0 
2700.0 
2610.0 
2840.0 
2750.0 
2660.0 
2570.0 
2635.0 
2550.0 
2480.0 
2430.0 
2620.0 
2530.0 
2440.0 
2350.0 
2480.0 
2390.0 
2300.0 
2210.0 
560.0 
650.0 
740.0 
830.0 
420.0 
470.0 
540.0 
625.0 
340.0 
430.0 
520.0 
610.0 
200.0 
130.0 
80.0 
130.0 
180.0 
90.0 
0.0 
90.0 
320.0 
410.0 
500.0 
590.0 
400.0 
450.0 
520.0 
605.0 
540.0 
630.0 
720.0 
810.0 
620.0 
670.0 
740.0 
825.0 
760.0 
850.0 
940.0 
1030.0 
840.0 
890.0 
960.0 
1045.0 
980.0 
1070.0 
1160.0 
1250.0 
2150.0 
2060.0 
1970.0 
1880.0 
2290.0 
2200.0 
2110.0 
2020.0 
2305.0 
2220.0 
2150.0 
2100.0 
2510.0 
2420.0 
2330.0 
2240.0 
2525.0 
2440.0 
2370.0 
2320.0 
2730.0 
2640.0 
2550.0 
2460.0 
2745.0 
2660.0 
2590.0 
2540.0 
2945.0 
2860.0 
2770.0 
2680.0 
2930.0 
2840.0 
2750.0 
2660.0 
2725.0 
2640.0 
2570.0 
2520.0 
2710.0 
2620.0 
2530.0 
2440.0 
2570.0 
2480.0 
2390.0 
2300.0 
645.0 
735.0 
825.0 
915.0 
505.0 
555.0 
625.0 
710.0 
425.0 
515.0 
605.0 
695.0 
285.0 
200.0 
130.0 
80.0 
270.0 
180.0 
90.0 
0.0 
410.0 
500.0 
590.0 
680.0 
490.0 
540.0 
610.0 
695.0 
630.0 
720.0 
810.0 
900.0 
710.0 
760.0 
830.0 
915.0 
850.0 
940.0 
1030.0 
1120.0 
930.0 
980.0 
1050.0 
1135.0 
1070.0 
1160.0 
1250.0 
1340.0 
2235.0 
2145.0 
2055.0 
1965.0 
2375.0 
2285.0 
2195.0 
2105.0 
2390.0 
2305.0 
2235.0 
2185.0 
2595.0 
2505.0 
2415.0 
2325.0 
2610.0 
2525.0 
2455.0 
2405.0 
2815.0 
2725.0 
2635.0 
2545.0 
2830.0 
2745.0 
2675.0 
2625.0 
3035.0 
2945.0 
2855.0 
2765.0 
3020.0 
2930.0 
2840.0 
2750.0 
2815.0 
2730.0 
2660.0 
2610.0 
2800.0 
2710.0 
2620.0 
2530.0 
2660.0 
2570.0 
2480.0 
2390.0 
580.0 
670.0 
760.0 
850.0 
440.0 
490.0 
560.0 
645.0 
360.0 
450.0 
540.0 
630.0 
220.0 
270.0 
340.0 
425.0 
140.0 
230.0 
320.0 
410.0 
0.0 
90.0 
180.0 
270.0 
80.0 
130.0 
200.0 
285.0 
220.0 
310.0 
400.0 
490.0 
300.0 
350.0 
420.0 
505.0 
440.0 
530.0 
620.0 
710.0 
520.0 
570.0 
640.0 
725.0 
660.0 
750.0 
840.0 
930.0 
2170.0 
2080.0 
1990.0 
1900.0 
2310.0 
2220.0 
2130.0 
2040.0 
2325.0 
2240.0 
2170.0 
2120.0 
2530.0 
2440.0 
2350.0 
2260.0 
2545.0 
2460.0 
2390.0 
2340.0 
2750.0 
2660.0 
2570.0 
2480.0 
2765.0 
2680.0 
2610.0 
2560.0 
2625.0 
2540.0 
2470.0 
2420.0 
2610.0 
2520.0 
2430.0 
2340.0 
2405.0 
2320.0 
2250.0 
2200.0 
2390.0 
2300.0 
2210.0 
2120.0 
2250.0 
2160.0 
2070.0 
1980.0 
670.0 
760.0 
850.0 
940.0 
530.0 
580.0 
650.0 
735.0 
450.0 
540.0 
630.0 
720.0 
310.0 
360.0 
430.0 
515.0 
230.0 
320.0 
410.0 
500.0 
90.0 
0.0 
90.0 
180.0 
130.0 
80.0 
130.0 
200.0 
270.0 
360.0 
450.0 
540.0 
350.0 
400.0 
470.0 
555.0 
490.0 
580.0 
670.0 
760.0 
570.0 
620.0 
690.0 
775.0 
710.0 
800.0 
890.0 
980.0 
2260.0 
2170.0 
2080.0 
1990.0 
2400.0 
2310.0 
2220.0 
2130.0 
2415.0 
2330.0 
2260.0 
2210.0 
2620.0 
2530.0 
2440.0 
2350.0 
2635.0 
2550.0 
2480.0 
2430.0 
2840.0 
2750.0 
2660.0 
2570.0 
2855.0 
2770.0 
2700.0 
2610.0 
2675.0 
2590.0 
2520.0 
2470.0 
2660.0 
2570.0 
2480.0 
2390.0 
2455.0 
2370.0 
2300.0 
2250.0 
2440.0 
2350.0 
2260.0 
2170.0 
2300.0 
2210.0 
2120.0 
2030.0 
760.0 
850.0 
940.0 
1030.0 
620.0 
670.0 
740.0 
825.0 
540.0 
630.0 
720.0 
810.0 
400.0 
450.0 
520.0 
605.0 
320.0 
410.0 
500.0 
590.0 
180.0 
90.0 
0.0 
90.0 
200.0 
130.0 
80.0 
130.0 
340.0 
430.0 
520.0 
610.0 
420.0 
470.0 
540.0 
625.0 
560.0 
650.0 
740.0 
830.0 
640.0 
690.0 
760.0 
845.0 
780.0 
870.0 
960.0 
1050.0 
2350.0 
2260.0 
2170.0 
2080.0 
2490.0 
2400.0 
2310.0 
2220.0 
2505.0 
2420.0 
2350.0 
2300.0 
2710.0 
2620.0 
2530.0 
2440.0 
2725.0 
2640.0 
2570.0 
2520.0 
2930.0 
2840.0 
2750.0 
2660.0 
2945.0 
2860.0 
2770.0 
2680.0 
2745.0 
2660.0 
2590.0 
2540.0 
2730.0 
2640.0 
2550.0 
2460.0 
2525.0 
2440.0 
2370.0 
2320.0 
2510.0 
2420.0 
2330.0 
2240.0 
2370.0 
2280.0 
2190.0 
2100.0 
850.0 
940.0 
1030.0 
1120.0 
710.0 
760.0 
830.0 
915.0 
630.0 
720.0 
810.0 
900.0 
490.0 
540.0 
610.0 
695.0 
410.0 
500.0 
590.0 
680.0 
270.0 
180.0 
90.0 
0.0 
285.0 
200.0 
130.0 
80.0 
425.0 
515.0 
605.0 
695.0 
505.0 
555.0 
625.0 
710.0 
645.0 
735.0 
825.0 
915.0 
725.0 
775.0 
845.0 
930.0 
865.0 
955.0 
1045.0 
1135.0 
2440.0 
2350.0 
2260.0 
2170.0 
2580.0 
2490.0 
2400.0 
2310.0 
2595.0 
2510.0 
2440.0 
2390.0 
2800.0 
2710.0 
2620.0 
2530.0 
2815.0 
2730.0 
2660.0 
2610.0 
3020.0 
2930.0 
2840.0 
2750.0 
3035.0 
2945.0 
2855.0 
2765.0 
2830.0 
2745.0 
2675.0 
2625.0 
2815.0 
2725.0 
2635.0 
2545.0 
2610.0 
2525.0 
2455.0 
2405.0 
2595.0 
2505.0 
2415.0 
2325.0 
2455.0 
2365.0 
2275.0 
2185.0 
660.0 
750.0 
840.0 
930.0 
520.0 
570.0 
640.0 
725.0 
440.0 
530.0 
620.0 
710.0 
300.0 
350.0 
420.0 
505.0 
220.0 
310.0 
400.0 
490.0 
80.0 
130.0 
200.0 
285.0 
0.0 
90.0 
180.0 
270.0 
140.0 
230.0 
320.0 
410.0 
220.0 
270.0 
340.0 
425.0 
360.0 
450.0 
540.0 
630.0 
440.0 
490.0 
560.0 
645.0 
580.0 
670.0 
760.0 
850.0 
2250.0 
2160.0 
2070.0 
1980.0 
2390.0 
2300.0 
2210.0 
2120.0 
2405.0 
2320.0 
2250.0 
2200.0 
2610.0 
2520.0 
2430.0 
2340.0 
2625.0 
2540.0 
2470.0 
2420.0 
2765.0 
2680.0 
2610.0 
2560.0 
2750.0 
2660.0 
2570.0 
2480.0 
2545.0 
2460.0 
2390.0 
2340.0 
2530.0 
2440.0 
2350.0 
2260.0 
2325.0 
2240.0 
2170.0 
2120.0 
2310.0 
2220.0 
2130.0 
2040.0 
2170.0 
2080.0 
1990.0 
1900.0 
710.0 
800.0 
890.0 
980.0 
570.0 
620.0 
690.0 
775.0 
490.0 
580.0 
670.0 
760.0 
350.0 
400.0 
470.0 
555.0 
270.0 
360.0 
450.0 
540.0 
130.0 
80.0 
130.0 
200.0 
90.0 
0.0 
90.0 
180.0 
230.0 
320.0 
410.0 
500.0 
310.0 
360.0 
430.0 
515.0 
450.0 
540.0 
630.0 
720.0 
530.0 
580.0 
650.0 
735.0 
670.0 
760.0 
850.0 
940.0 
2300.0 
2210.0 
2120.0 
2030.0 
2440.0 
2350.0 
2260.0 
2170.0 
2455.0 
2370.0 
2300.0 
2250.0 
2660.0 
2570.0 
2480.0 
2390.0 
2675.0 
2590.0 
2520.0 
2470.0 
2855.0 
2770.0 
2700.0 
2610.0 
2840.0 
2750.0 
2660.0 
2570.0 
2635.0 
2550.0 
2480.0 
2430.0 
2620.0 
2530.0 
2440.0 
2350.0 
2415.0 
2330.0 
2260.0 
2210.0 
2400.0 
2310.0 
2220.0 
2130.0 
2260.0 
2170.0 
2080.0 
1990.0 
780.0 
870.0 
960.0 
1050.0 
640.0 
690.0 
760.0 
845.0 
560.0 
650.0 
740.0 
830.0 
420.0 
470.0 
540.0 
625.0 
340.0 
430.0 
520.0 
610.0 
200.0 
130.0 
80.0 
130.0 
180.0 
90.0 
0.0 
90.0 
320.0 
410.0 
500.0 
590.0 
400.0 
450.0 
520.0 
605.0 
540.0 
630.0 
720.0 
810.0 
620.0 
670.0 
740.0 
825.0 
760.0 
850.0 
940.0 
1030.0 
2370.0 
2280.0 
2190.0 
2100.0 
2510.0 
2420.0 
2330.0 
2240.0 
2525.0 
2440.0 
2370.0 
2320.0 
2730.0 
2640.0 
2550.0 
2460.0 
2745.0 
2660.0 
2590.0 
2540.0 
2945.0 
2860.0 
2770.0 
2680.0 
2930.0 
2840.0 
2750.0 
2660.0 
2725.0 
2640.0 
2570.0 
2520.0 
2710.0 
2620.0 
2530.0 
2440.0 
2505.0 
2420.0 
2350.0 
2300.0 
2490.0 
2400.0 
2310.0 
2220.0 
2350.0 
2260.0 
2170.0 
2080.0 
865.0 
955.0 
1045.0 
1135.0 
725.0 
775.0 
845.0 
930.0 
645.0 
735.0 
825.0 
915.0 
505.0 
555.0 
625.0 
710.0 
425.0 
515.0 
605.0 
695.0 
285.0 
200.0 
130.0 
80.0 
270.0 
180.0 
90.0 
0.0 
410.0 
500.0 
590.0 
680.0 
490.0 
540.0 
610.0 
695.0 
630.0 
720.0 
810.0 
900.0 
710.0 
760.0 
830.0 
915.0 
850.0 
940.0 
1030.0 
1120.0 
2455.0 
2365.0 
2275.0 
2185.0 
2595.0 
2505.0 
2415.0 
2325.0 
2610.0 
2525.0 
2455.0 
2405.0 
2815.0 
2725.0 
2635.0 
2545.0 
2830.0 
2745.0 
2675.0 
2625.0 
3035.0 
2945.0 
2855.0 
2765.0 
3020.0 
2930.0 
2840.0 
2750.0 
2815.0 
2730.0 
2660.0 
2610.0 
2800.0 
2710.0 
2620.0 
2530.0 
2595.0 
2510.0 
2440.0 
2390.0 
2580.0 
2490.0 
2400.0 
2310.0 
2440.0 
2350.0 
2260.0 
2170.0 
800.0 
890.0 
980.0 
1070.0 
660.0 
710.0 
780.0 
865.0 
580.0 
670.0 
760.0 
850.0 
440.0 
490.0 
560.0 
645.0 
360.0 
450.0 
540.0 
630.0 
220.0 
270.0 
340.0 
425.0 
140.0 
230.0 
320.0 
410.0 
0.0 
90.0 
180.0 
270.0 
80.0 
130.0 
200.0 
285.0 
220.0 
310.0 
400.0 
490.0 
300.0 
350.0 
420.0 
505.0 
440.0 
530.0 
620.0 
710.0 
2390.0 
2300.0 
2210.0 
2120.0 
2530.0 
2440.0 
2350.0 
2260.0 
2545.0 
2460.0 
2390.0 
2340.0 
2750.0 
2660.0 
2570.0 
2480.0 
2765.0 
2680.0 
2610.0 
2560.0 
2625.0 
2540.0 
2470.0 
2420.0 
2610.0 
2520.0 
2430.0 
2340.0 
2405.0 
2320.0 
2250.0 
2200.0 
2390.0 
2300.0 
2210.0 
2120.0 
2185.0 
2100.0 
2030.0 
1980.0 
2170.0 
2080.0 
1990.0 
1900.0 
2030.0 
1940.0 
1850.0 
1760.0 
890.0 
980.0 
1070.0 
1160.0 
750.0 
800.0 
870.0 
955.0 
670.0 
760.0 
850.0 
940.0 
530.0 
580.0 
650.0 
735.0 
450.0 
540.0 
630.0 
720.0 
310.0 
360.0 
430.0 
515.0 
230.0 
320.0 
410.0 
500.0 
90.0 
0.0 
90.0 
180.0 
130.0 
80.0 
130.0 
200.0 
270.0 
360.0 
450.0 
540.0 
350.0 
400.0 
470.0 
555.0 
490.0 
580.0 
670.0 
760.0 
2480.0 
2390.0 
2300.0 
2210.0 
2620.0 
2530.0 
2440.0 
2350.0 
2635.0 
2550.0 
2480.0 
2430.0 
2840.0 
2750.0 
2660.0 
2570.0 
2855.0 
2770.0 
2700.0 
2610.0 
2675.0 
2590.0 
2520.0 
2470.0 
2660.0 
2570.0 
2480.0 
2390.0 
2455.0 
2370.0 
2300.0 
2250.0 
2440.0 
2350.0 
2260.0 
2170.0 
2235.0 
2150.0 
2080.0 
2030.0 
2220.0 
2130.0 
2040.0 
1950.0 
2080.0 
1990.0 
1900.0 
1810.0 
980.0 
1070.0 
1160.0 
1250.0 
840.0 
890.0 
960.0 
1045.0 
760.0 
850.0 
940.0 
1030.0 
620.0 
670.0 
740.0 
825.0 
540.0 
630.0 
720.0 
810.0 
400.0 
450.0 
520.0 
605.0 
320.0 
410.0 
500.0 
590.0 
180.0 
90.0 
0.0 
90.0 
200.0 
130.0 
80.0 
130.0 
340.0 
430.0 
520.0 
610.0 
420.0 
470.0 
540.0 
625.0 
560.0 
650.0 
740.0 
830.0 
2570.0 
2480.0 
2390.0 
2300.0 
2710.0 
2620.0 
2530.0 
2440.0 
2725.0 
2640.0 
2570.0 
2520.0 
2930.0 
2840.0 
2750.0 
2660.0 
2945.0 
2860.0 
2770.0 
2680.0 
2745.0 
2660.0 
2590.0 
2540.0 
2730.0 
2640.0 
2550.0 
2460.0 
2525.0 
2440.0 
2370.0 
2320.0 
2510.0 
2420.0 
2330.0 
2240.0 
2305.0 
2220.0 
2150.0 
2100.0 
2290.0 
2200.0 
2110.0 
2020.0 
2150.0 
2060.0 
1970.0 
1880.0 
1070.0 
1160.0 
1250.0 
1340.0 
930.0 
980.0 
1050.0 
1135.0 
850.0 
940.0 
1030.0 
1120.0 
710.0 
760.0 
830.0 
915.0 
630.0 
720.0 
810.0 
900.0 
490.0 
540.0 
610.0 
695.0 
410.0 
500.0 
590.0 
680.0 
270.0 
180.0 
90.0 
0.0 
285.0 
200.0 
130.0 
80.0 
425.0 
515.0 
605.0 
695.0 
505.0 
555.0 
625.0 
710.0 
645.0 
735.0 
825.0 
915.0 
2660.0 
2570.0 
2480.0 
2390.0 
2800.0 
2710.0 
2620.0 
2530.0 
2815.0 
2730.0 
2660.0 
2610.0 
3020.0 
2930.0 
2840.0 
2750.0 
3035.0 
2945.0 
2855.0 
2765.0 
2830.0 
2745.0 
2675.0 
2625.0 
2815.0 
2725.0 
2635.0 
2545.0 
2610.0 
2525.0 
2455.0 
2405.0 
2595.0 
2505.0 
2415.0 
2325.0 
2390.0 
2305.0 
2235.0 
2185.0 
2375.0 
2285.0 
2195.0 
2105.0 
2235.0 
2145.0 
2055.0 
1965.0 
880.0 
970.0 
1060.0 
1150.0 
740.0 
790.0 
860.0 
945.0 
660.0 
750.0 
840.0 
930.0 
520.0 
570.0 
640.0 
725.0 
440.0 
530.0 
620.0 
710.0 
300.0 
350.0 
420.0 
505.0 
220.0 
310.0 
400.0 
490.0 
80.0 
130.0 
200.0 
285.0 
0.0 
90.0 
180.0 
270.0 
140.0 
230.0 
320.0 
410.0 
220.0 
270.0 
340.0 
425.0 
360.0 
450.0 
540.0 
630.0 
2470.0 
2380.0 
2290.0 
2200.0 
2610.0 
2520.0 
2430.0 
2340.0 
2625.0 
2540.0 
2470.0 
2420.0 
2765.0 
2680.0 
2610.0 
2560.0 
2750.0 
2660.0 
2570.0 
2480.0 
2545.0 
2460.0 
2390.0 
2340.0 
2530.0 
2440.0 
2350.0 
2260.0 
2325.0 
2240.0 
2170.0 
2120.0 
2310.0 
2220.0 
2130.0 
2040.0 
2105.0 
2020.0 
1950.0 
1900.0 
2090.0 
2000.0 
1910.0 
1820.0 
1950.0 
1860.0 
1770.0 
1680.0 
930.0 
1020.0 
1110.0 
1200.0 
790.0 
840.0 
910.0 
995.0 
710.0 
800.0 
890.0 
980.0 
570.0 
620.0 
690.0 
775.0 
490.0 
580.0 
670.0 
760.0 
350.0 
400.0 
470.0 
555.0 
270.0 
360.0 
450.0 
540.0 
130.0 
80.0 
130.0 
200.0 
90.0 
0.0 
90.0 
180.0 
230.0 
320.0 
410.0 
500.0 
310.0 
360.0 
430.0 
515.0 
450.0 
540.0 
630.0 
720.0 
2520.0 
2430.0 
2340.0 
2250.0 
2660.0 
2570.0 
2480.0 
2390.0 
2675.0 
2590.0 
2520.0 
2470.0 
2855.0 
2770.0 
2700.0 
2610.0 
2840.0 
2750.0 
2660.0 
2570.0 
2635.0 
2550.0 
2480.0 
2430.0 
2620.0 
2530.0 
2440.0 
2350.0 
2415.0 
2330.0 
2260.0 
2210.0 
2400.0 
2310.0 
2220.0 
2130.0 
2195.0 
2110.0 
2040.0 
1990.0 
2180.0 
2090.0 
2000.0 
1910.0 
2040.0 
1950.0 
1860.0 
1770.0 
1000.0 
1090.0 
1180.0 
1270.0 
860.0 
910.0 
980.0 
1065.0 
780.0 
870.0 
960.0 
1050.0 
640.0 
690.0 
760.0 
845.0 
560.0 
650.0 
740.0 
830.0 
420.0 
470.0 
540.0 
625.0 
340.0 
430.0 
520.0 
610.0 
200.0 
130.0 
80.0 
130.0 
180.0 
90.0 
0.0 
90.0 
320.0 
410.0 
500.0 
590.0 
400.0 
450.0 
520.0 
605.0 
540.0 
630.0 
720.0 
810.0 
2590.0 
2500.0 
2410.0 
2320.0 
2730.0 
2640.0 
2550.0 
2460.0 
2745.0 
2660.0 
2590.0 
2540.0 
2945.0 
2860.0 
2770.0 
2680.0 
2930.0 
2840.0 
2750.0 
2660.0 
2725.0 
2640.0 
2570.0 
2520.0 
2710.0 
2620.0 
2530.0 
2440.0 
2505.0 
2420.0 
2350.0 
2300.0 
2490.0 
2400.0 
2310.0 
2220.0 
2285.0 
2200.0 
2130.0 
2080.0 
2270.0 
2180.0 
2090.0 
2000.0 
2130.0 
2040.0 
1950.0 
1860.0 
1085.0 
1175.0 
1265.0 
1355.0 
945.0 
995.0 
1065.0 
1150.0 
865.0 
955.0 
1045.0 
1135.0 
725.0 
775.0 
845.0 
930.0 
645.0 
735.0 
825.0 
915.0 
505.0 
555.0 
625.0 
710.0 
425.0 
515.0 
605.0 
695.0 
285.0 
200.0 
130.0 
80.0 
270.0 
180.0 
90.0 
0.0 
410.0 
500.0 
590.0 
680.0 
490.0 
540.0 
610.0 
695.0 
630.0 
720.0 
810.0 
900.0 
2675.0 
2585.0 
2495.0 
2405.0 
2815.0 
2725.0 
2635.0 
2545.0 
2830.0 
2745.0 
2675.0 
2625.0 
3035.0 
2945.0 
2855.0 
2765.0 
3020.0 
2930.0 
2840.0 
2750.0 
2815.0 
2730.0 
2660.0 
2610.0 
2800.0 
2710.0 
2620.0 
2530.0 
2595.0 
2510.0 
2440.0 
2390.0 
2580.0 
2490.0 
2400.0 
2310.0 
2375.0 
2290.0 
2220.0 
2170.0 
2360.0 
2270.0 
2180.0 
2090.0 
2220.0 
2130.0 
2040.0 
1950.0 
1020.0 
1110.0 
1200.0 
1290.0 
880.0 
930.0 
1000.0 
1085.0 
800.0 
890.0 
980.0 
1070.0 
660.0 
710.0 
780.0 
865.0 
580.0 
670.0 
760.0 
850.0 
440.0 
490.0 
560.0 
645.0 
360.0 
450.0 
540.0 
630.0 
220.0 
270.0 
340.0 
425.0 
140.0 
230.0 
320.0 
410.0 
0.0 
90.0 
180.0 
270.0 
80.0 
130.0 
200.0 
285.0 
220.0 
310.0 
400.0 
490.0 
2610.0 
2520.0 
2430.0 
2340.0 
2750.0 
2660.0 
2570.0 
2480.0 
2765.0 
2680.0 
2610.0 
2560.0 
2625.0 
2540.0 
2470.0 
2420.0 
2610.0 
2520.0 
2430.0 
2340.0 
2405.0 
2320.0 
2250.0 
2200.0 
2390.0 
2300.0 
2210.0 
2120.0 
2185.0 
2100.0 
2030.0 
1980.0 
2170.0 
2080.0 
1990.0 
1900.0 
1965.0 
1880.0 
1810.0 
1760.0 
1950.0 
1860.0 
1770.0 
1680.0 
1810.0 
1720.0 
1630.0 
1540.0 
1110.0 
1200.0 
1290.0 
1380.0 
970.0 
1020.0 
1090.0 
1175.0 
890.0 
980.0 
1070.0 
1160.0 
750.0 
800.0 
870.0 
955.0 
670.0 
760.0 
850.0 
940.0 
530.0 
580.0 
650.0 
735.0 
450.0 
540.0 
630.0 
720.0 
310.0 
360.0 
430.0 
515.0 
230.0 
320.0 
410.0 
500.0 
90.0 
0.0 
90.0 
180.0 
130.0 
80.0 
130.0 
200.0 
270.0 
360.0 
450.0 
540.0 
2700.0 
2610.0 
2520.0 
2430.0 
2840.0 
2750.0 
2660.0 
2570.0 
2855.0 
2770.0 
2700.0 
2610.0 
2675.0 
2590.0 
2520.0 
2470.0 
2660.0 
2570.0 
2480.0 
2390.0 
2455.0 
2370.0 
2300.0 
2250.0 
2440.0 
2350.0 
2260.0 
2170.0 
2235.0 
2150.0 
2080.0 
2030.0 
2220.0 
2130.0 
2040.0 
1950.0 
2015.0 
1930.0 
1860.0 
1810.0 
2000.0 
1910.0 
1820.0 
1730.0 
1860.0 
1770.0 
1680.0 
1590.0 
1200.0 
1290.0 
1380.0 
1470.0 
1060.0 
1110.0 
1180.0 
1265.0 
980.0 
1070.0 
1160.0 
1250.0 
840.0 
890.0 
960.0 
1045.0 
760.0 
850.0 
940.0 
1030.0 
620.0 
670.0 
740.0 
825.0 
540.0 
630.0 
720.0 
810.0 
400.0 
450.0 
520.0 
605.0 
320.0 
410.0 
500.0 
590.0 
180.0 
90.0 
0.0 
90.0 
200.0 
130.0 
80.0 
130.0 
340.0 
430.0 
520.0 
610.0 
2790.0 
2700.0 
2610.0 
2520.0 
2930.0 
2840.0 
2750.0 
2660.0 
2945.0 
2860.0 
2770.0 
2680.0 
2745.0 
2660.0 
2590.0 
2540.0 
2730.0 
2640.0 
2550.0 
2460.0 
2525.0 
2440.0 
2370.0 
2320.0 
2510.0 
2420.0 
2330.0 
2240.0 
2305.0 
2220.0 
2150.0 
2100.0 
2290.0 
2200.0 
2110.0 
2020.0 
2085.0 
2000.0 
1930.0 
1880.0 
2070.0 
1980.0 
1890.0 
1800.0 
1930.0 
1840.0 
1750.0 
1660.0 
1290.0 
1380.0 
1470.0 
1560.0 
1150.0 
1200.0 
1270.0 
1355.0 
1070.0 
1160.0 
1250.0 
1340.0 
930.0 
980.0 
1050.0 
1135.0 
850.0 
940.0 
1030.0 
1120.0 
710.0 
760.0 
830.0 
915.0 
630.0 
720.0 
810.0 
900.0 
490.0 
540.0 
610.0 
695.0 
410.0 
500.0 
590.0 
680.0 
270.0 
180.0 
90.0 
0.0 
285.0 
200.0 
130.0 
80.0 
425.0 
515.0 
605.0 
695.0 
2880.0 
2790.0 
2700.0 
2610.0 
3020.0 
2930.0 
2840.0 
2750.0 
3035.0 
2945.0 
2855.0 
2765.0 
2830.0 
2745.0 
2675.0 
2625.0 
2815.0 
2725.0 
2635.0 
2545.0 
2610.0 
2525.0 
2455.0 
2405.0 
2595.0 
2505.0 
2415.0 
2325.0 
2390.0 
2305.0 
2235.0 
2185.0 
2375.0 
2285.0 
2195.0 
2105.0 
2170.0 
2085.0 
2015.0 
1965.0 
2155.0 
2065.0 
1975.0 
1885.0 
2015.0 
1925.0 
1835.0 
1745.0 
1100.0 
1190.0 
1280.0 
1370.0 
960.0 
1010.0 
1080.0 
1165.0 
880.0 
970.0 
1060.0 
1150.0 
740.0 
790.0 
860.0 
945.0 
660.0 
750.0 
840.0 
930.0 
520.0 
570.0 
640.0 
725.0 
440.0 
530.0 
620.0 
710.0 
300.0 
350.0 
420.0 
505.0 
220.0 
310.0 
400.0 
490.0 
80.0 
130.0 
200.0 
285.0 
0.0 
90.0 
180.0 
270.0 
140.0 
230.0 
320.0 
410.0 
2690.0 
2600.0 
2510.0 
2420.0 
2765.0 
2680.0 
2610.0 
2560.0 
2750.0 
2660.0 
2570.0 
2480.0 
2545.0 
2460.0 
2390.0 
2340.0 
2530.0 
2440.0 
2350.0 
2260.0 
2325.0 
2240.0 
2170.0 
2120.0 
2310.0 
2220.0 
2130.0 
2040.0 
2105.0 
2020.0 
1950.0 
1900.0 
2090.0 
2000.0 
1910.0 
1820.0 
1885.0 
1800.0 
1730.0 
1680.0 
1870.0 
1780.0 
1690.0 
1600.0 
1730.0 
1640.0 
1550.0 
1460.0 
1150.0 
1240.0 
1330.0 
1420.0 
1010.0 
1060.0 
1130.0 
1215.0 
930.0 
1020.0 
1110.0 
1200.0 
790.0 
840.0 
910.0 
995.0 
710.0 
800.0 
890.0 
980.0 
570.0 
620.0 
690.0 
775.0 
490.0 
580.0 
670.0 
760.0 
350.0 
400.0 
470.0 
555.0 
270.0 
360.0 
450.0 
540.0 
130.0 
80.0 
130.0 
200.0 
90.0 
0.0 
90.0 
180.0 
230.0 
320.0 
410.0 
500.0 
2740.0 
2650.0 
2560.0 
2470.0 
2855.0 
2770.0 
2700.0 
2610.0 
2840.0 
2750.0 
2660.0 
2570.0 
2635.0 
2550.0 
2480.0 
2430.0 
2620.0 
2530.0 
2440.0 
2350.0 
2415.0 
2330.0 
2260.0 
2210.0 
2400.0 
2310.0 
2220.0 
2130.0 
2195.0 
2110.0 
2040.0 
1990.0 
2180.0 
2090.0 
2000.0 
1910.0 
1975.0 
1890.0 
1820.0 
1770.0 
1960.0 
1870.0 
1780.0 
1690.0 
1820.0 
1730.0 
1640.0 
1550.0 
1220.0 
1310.0 
1400.0 
1490.0 
1080.0 
1130.0 
1200.0 
1285.0 
1000.0 
1090.0 
1180.0 
1270.0 
860.0 
910.0 
980.0 
1065.0 
780.0 
870.0 
960.0 
1050.0 
640.0 
690.0 
760.0 
845.0 
560.0 
650.0 
740.0 
830.0 
420.0 
470.0 
540.0 
625.0 
340.0 
430.0 
520.0 
610.0 
200.0 
130.0 
80.0 
130.0 
180.0 
90.0 
0.0 
90.0 
320.0 
410.0 
500.0 
590.0 
2810.0 
2720.0 
2630.0 
2540.0 
2945.0 
2860.0 
2770.0 
2680.0 
2930.0 
2840.0 
2750.0 
2660.0 
2725.0 
2640.0 
2570.0 
2520.0 
2710.0 
2620.0 
2530.0 
2440.0 
2505.0 
2420.0 
2350.0 
2300.0 
2490.0 
2400.0 
2310.0 
2220.0 
2285.0 
2200.0 
2130.0 
2080.0 
2270.0 
2180.0 
2090.0 
2000.0 
2065.0 
1980.0 
1910.0 
1860.0 
2050.0 
1960.0 
1870.0 
1780.0 
1910.0 
1820.0 
1730.0 
1640.0 
1305.0 
1395.0 
1485.0 
1575.0 
1165.0 
1215.0 
1285.0 
1370.0 
1085.0 
1175.0 
1265.0 
1355.0 
945.0 
995.0 
1065.0 
1150.0 
865.0 
955.0 
1045.0 
1135.0 
725.0 
775.0 
845.0 
930.0 
645.0 
735.0 
825.0 
915.0 
505.0 
555.0 
625.0 
710.0 
425.0 
515.0 
605.0 
695.0 
285.0 
200.0 
130.0 
80.0 
270.0 
180.0 
90.0 
0.0 
410.0 
500.0 
590.0 
680.0 
2895.0 
2805.0 
2715.0 
2625.0 
3035.0 
2945.0 
2855.0 
2765.0 
3020.0 
2930.0 
2840.0 
2750.0 
2815.0 
2730.0 
2660.0 
2610.0 
2800.0 
2710.0 
2620.0 
2530.0 
2595.0 
2510.0 
2440.0 
2390.0 
2580.0 
2490.0 
2400.0 
2310.0 
2375.0 
2290.0 
2220.0 
2170.0 
2360.0 
2270.0 
2180.0 
2090.0 
2155.0 
2070.0 
2000.0 
1950.0 
2140.0 
2050.0 
1960.0 
1870.0 
2000.0 
1910.0 
1820.0 
1730.0 
1240.0 
1330.0 
1420.0 
1510.0 
1100.0 
1150.0 
1220.0 
1305.0 
1020.0 
1110.0 
1200.0 
1290.0 
880.0 
930.0 
1000.0 
1085.0 
800.0 
890.0 
980.0 
1070.0 
660.0 
710.0 
780.0 
865.0 
580.0 
670.0 
760.0 
850.0 
440.0 
490.0 
560.0 
645.0 
360.0 
450.0 
540.0 
630.0 
220.0 
270.0 
340.0 
425.0 
140.0 
230.0 
320.0 
410.0 
0.0 
90.0 
180.0 
270.0 
2830.0 
2740.0 
2650.0 
2560.0 
2625.0 
2540.0 
2470.0 
2420.0 
2610.0 
2520.0 
2430.0 
2340.0 
2405.0 
2320.0 
2250.0 
2200.0 
2390.0 
2300.0 
2210.0 
2120.0 
2185.0 
2100.0 
2030.0 
1980.0 
2170.0 
2080.0 
1990.0 
1900.0 
1965.0 
1880.0 
1810.0 
1760.0 
1950.0 
1860.0 
1770.0 
1680.0 
1745.0 
1660.0 
1590.0 
1540.0 
1730.0 
1640.0 
1550.0 
1460.0 
1590.0 
1500.0 
1410.0 
1320.0 
1330.0 
1420.0 
1510.0 
1600.0 
1190.0 
1240.0 
1310.0 
1395.0 
1110.0 
1200.0 
1290.0 
1380.0 
970.0 
1020.0 
1090.0 
1175.0 
890.0 
980.0 
1070.0 
1160.0 
750.0 
800.0 
870.0 
955.0 
670.0 
760.0 
850.0 
940.0 
530.0 
580.0 
650.0 
735.0 
450.0 
540.0 
630.0 
720.0 
310.0 
360.0 
430.0 
515.0 
230.0 
320.0 
410.0 
500.0 
90.0 
0.0 
90.0 
180.0 
2920.0 
2830.0 
2740.0 
2650.0 
2715.0 
2630.0 
2560.0 
2510.0 
2700.0 
2610.0 
2520.0 
2430.0 
2495.0 
2410.0 
2340.0 
2290.0 
2480.0 
2390.0 
2300.0 
2210.0 
2275.0 
2190.0 
2120.0 
2070.0 
2260.0 
2170.0 
2080.0 
1990.0 
2055.0 
1970.0 
1900.0 
1850.0 
2040.0 
1950.0 
1860.0 
1770.0 
1835.0 
1750.0 
1680.0 
1630.0 
1820.0 
1730.0 
1640.0 
1550.0 
1680.0 
1590.0 
1500.0 
1410.0 
1420.0 
1510.0 
1600.0 
1690.0 
1280.0 
1330.0 
1400.0 
1485.0 
1200.0 
1290.0 
1380.0 
1470.0 
1060.0 
1110.0 
1180.0 
1265.0 
980.0 
1070.0 
1160.0 
1250.0 
840.0 
890.0 
960.0 
1045.0 
760.0 
850.0 
940.0 
1030.0 
620.0 
670.0 
740.0 
825.0 
540.0 
630.0 
720.0 
810.0 
400.0 
450.0 
520.0 
605.0 
320.0 
410.0 
500.0 
590.0 
180.0 
90.0 
0.0 
90.0 
3010.0 
2920.0 
2830.0 
2740.0 
2805.0 
2720.0 
2650.0 
2600.0 
2790.0 
2700.0 
2610.0 
2520.0 
2585.0 
2500.0 
2430.0 
2380.0 
2570.0 
2480.0 
2390.0 
2300.0 
2365.0 
2280.0 
2210.0 
2160.0 
2350.0 
2260.0 
2170.0 
2080.0 
2145.0 
2060.0 
1990.0 
1940.0 
2130.0 
2040.0 
1950.0 
1860.0 
1925.0 
1840.0 
1770.0 
1720.0 
1910.0 
1820.0 
1730.0 
1640.0 
1770.0 
1680.0 
1590.0 
1500.0 
1510.0 
1600.0 
1690.0 
1780.0 
1370.0 
1420.0 
1490.0 
1575.0 
1290.0 
1380.0 
1470.0 
1560.0 
1150.0 
1200.0 
1270.0 
1355.0 
1070.0 
1160.0 
1250.0 
1340.0 
930.0 
980.0 
1050.0 
1135.0 
850.0 
940.0 
1030.0 
1120.0 
710.0 
760.0 
830.0 
915.0 
630.0 
720.0 
810.0 
900.0 
490.0 
540.0 
610.0 
695.0 
410.0 
500.0 
590.0 
680.0 
270.0 
180.0 
90.0 
0.0 
3100.0 
3010.0 
2920.0 
2830.0 
2895.0 
2810.0 
2740.0 
2690.0 
2880.0 
2790.0 
2700.0 
2610.0 
2675.0 
2590.0 
2520.0 
2470.0 
2660.0 
2570.0 
2480.0 
2390.0 
2455.0 
2370.0 
2300.0 
2250.0 
2440.0 
2350.0 
2260.0 
2170.0 
2235.0 
2150.0 
2080.0 
2030.0 
2220.0 
2130.0 
2040.0 
1950.0 
2015.0 
1930.0 
1860.0 
1810.0 
2000.0 
1910.0 
1820.0 
1730.0 
1860.0 
1770.0 
1680.0 
1590.0 
1590.0 
1680.0 
1770.0 
1860.0 
1730.0 
1820.0 
1910.0 
2000.0 
1810.0 
1860.0 
1930.0 
2015.0 
1950.0 
2040.0 
2130.0 
2220.0 
2030.0 
2080.0 
2150.0 
2235.0 
2170.0 
2260.0 
2350.0 
2440.0 
2250.0 
2300.0 
2370.0 
2455.0 
2390.0 
2480.0 
2570.0 
2660.0 
2470.0 
2520.0 
2590.0 
2675.0 
2610.0 
2700.0 
2790.0 
2880.0 
2690.0 
2740.0 
2810.0 
2895.0 
2830.0 
2920.0 
3010.0 
3100.0 
0.0 
90.0 
180.0 
270.0 
680.0 
590.0 
500.0 
410.0 
695.0 
610.0 
540.0 
490.0 
900.0 
810.0 
720.0 
630.0 
915.0 
830.0 
760.0 
710.0 
1120.0 
1030.0 
940.0 
850.0 
1135.0 
1050.0 
980.0 
930.0 
1340.0 
1250.0 
1160.0 
1070.0 
1355.0 
1270.0 
1200.0 
1150.0 
1560.0 
1470.0 
1380.0 
1290.0 
1575.0 
1490.0 
1420.0 
1370.0 
1780.0 
1690.0 
1600.0 
1510.0 
1500.0 
1590.0 
1680.0 
1770.0 
1640.0 
1730.0 
1820.0 
1910.0 
1720.0 
1770.0 
1840.0 
1925.0 
1860.0 
1950.0 
2040.0 
2130.0 
1940.0 
1990.0 
2060.0 
2145.0 
2080.0 
2170.0 
2260.0 
2350.0 
2160.0 
2210.0 
2280.0 
2365.0 
2300.0 
2390.0 
2480.0 
2570.0 
2380.0 
2430.0 
2500.0 
2585.0 
2520.0 
2610.0 
2700.0 
2790.0 
2600.0 
2650.0 
2720.0 
2805.0 
2740.0 
2830.0 
2920.0 
3010.0 
90.0 
0.0 
90.0 
180.0 
590.0 
500.0 
410.0 
320.0 
605.0 
520.0 
450.0 
400.0 
810.0 
720.0 
630.0 
540.0 
825.0 
740.0 
670.0 
620.0 
1030.0 
940.0 
850.0 
760.0 
1045.0 
960.0 
890.0 
840.0 
1250.0 
1160.0 
1070.0 
980.0 
1265.0 
1180.0 
1110.0 
1060.0 
1470.0 
1380.0 
1290.0 
1200.0 
1485.0 
1400.0 
1330.0 
1280.0 
1690.0 
1600.0 
1510.0 
1420.0 
1410.0 
1500.0 
1590.0 
1680.0 
1550.0 
1640.0 
1730.0 
1820.0 
1630.0 
1680.0 
1750.0 
1835.0 
1770.0 
1860.0 
1950.0 
2040.0 
1850.0 
1900.0 
1970.0 
2055.0 
1990.0 
2080.0 
2170.0 
2260.0 
2070.0 
2120.0 
2190.0 
2275.0 
2210.0 
2300.0 
2390.0 
2480.0 
2290.0 
2340.0 
2410.0 
2495.0 
2430.0 
2520.0 
2610.0 
2700.0 
2510.0 
2560.0 
2630.0 
2715.0 
2650.0 
2740.0 
2830.0 
2920.0 
180.0 
90.0 
0.0 
90.0 
500.0 
410.0 
320.0 
230.0 
515.0 
430.0 
360.0 
310.0 
720.0 
630.0 
540.0 
450.0 
735.0 
650.0 
580.0 
530.0 
940.0 
850.0 
760.0 
670.0 
955.0 
870.0 
800.0 
750.0 
1160.0 
1070.0 
980.0 
890.0 
1175.0 
1090.0 
1020.0 
970.0 
1380.0 
1290.0 
1200.0 
1110.0 
1395.0 
1310.0 
1240.0 
1190.0 
1600.0 
1510.0 
1420.0 
1330.0 
1320.0 
1410.0 
1500.0 
1590.0 
1460.0 
1550.0 
1640.0 
1730.0 
1540.0 
1590.0 
1660.0 
1745.0 
1680.0 
1770.0 
1860.0 
1950.0 
1760.0 
1810.0 
1880.0 
1965.0 
1900.0 
1990.0 
2080.0 
2170.0 
1980.0 
2030.0 
2100.0 
2185.0 
2120.0 
2210.0 
2300.0 
2390.0 
2200.0 
2250.0 
2320.0 
2405.0 
2340.0 
2430.0 
2520.0 
2610.0 
2420.0 
2470.0 
2540.0 
2625.0 
2560.0 
2650.0 
2740.0 
2830.0 
270.0 
180.0 
90.0 
0.0 
410.0 
320.0 
230.0 
140.0 
425.0 
340.0 
270.0 
220.0 
630.0 
540.0 
450.0 
360.0 
645.0 
560.0 
490.0 
440.0 
850.0 
760.0 
670.0 
580.0 
865.0 
780.0 
710.0 
660.0 
1070.0 
980.0 
890.0 
800.0 
1085.0 
1000.0 
930.0 
880.0 
1290.0 
1200.0 
1110.0 
1020.0 
1305.0 
1220.0 
1150.0 
1100.0 
1510.0 
1420.0 
1330.0 
1240.0 
1730.0 
1820.0 
1910.0 
2000.0 
1870.0 
1960.0 
2050.0 
2140.0 
1950.0 
2000.0 
2070.0 
2155.0 
2090.0 
2180.0 
2270.0 
2360.0 
2170.0 
2220.0 
2290.0 
2375.0 
2310.0 
2400.0 
2490.0 
2580.0 
2390.0 
2440.0 
2510.0 
2595.0 
2530.0 
2620.0 
2710.0 
2800.0 
2610.0 
2660.0 
2730.0 
2815.0 
2750.0 
2840.0 
2930.0 
3020.0 
2765.0 
2855.0 
2945.0 
3035.0 
2625.0 
2715.0 
2805.0 
2895.0 
680.0 
590.0 
500.0 
410.0 
0.0 
90.0 
180.0 
270.0 
80.0 
130.0 
200.0 
285.0 
695.0 
605.0 
515.0 
425.0 
710.0 
625.0 
555.0 
505.0 
915.0 
825.0 
735.0 
645.0 
930.0 
845.0 
775.0 
725.0 
1135.0 
1045.0 
955.0 
865.0 
1150.0 
1065.0 
995.0 
945.0 
1355.0 
1265.0 
1175.0 
1085.0 
1370.0 
1285.0 
1215.0 
1165.0 
1575.0 
1485.0 
1395.0 
1305.0 
1640.0 
1730.0 
1820.0 
1910.0 
1780.0 
1870.0 
1960.0 
2050.0 
1860.0 
1910.0 
1980.0 
2065.0 
2000.0 
2090.0 
2180.0 
2270.0 
2080.0 
2130.0 
2200.0 
2285.0 
2220.0 
2310.0 
2400.0 
2490.0 
2300.0 
2350.0 
2420.0 
2505.0 
2440.0 
2530.0 
2620.0 
2710.0 
2520.0 
2570.0 
2640.0 
2725.0 
2660.0 
2750.0 
2840.0 
2930.0 
2680.0 
2770.0 
2860.0 
2945.0 
2540.0 
2630.0 
2720.0 
2810.0 
590.0 
500.0 
410.0 
320.0 
90.0 
0.0 
90.0 
180.0 
130.0 
80.0 
130.0 
200.0 
610.0 
520.0 
430.0 
340.0 
625.0 
540.0 
470.0 
420.0 
830.0 
740.0 
650.0 
560.0 
845.0 
760.0 
690.0 
640.0 
1050.0 
960.0 
870.0 
780.0 
1065.0 
980.0 
910.0 
860.0 
1270.0 
1180.0 
1090.0 
1000.0 
1285.0 
1200.0 
1130.0 
1080.0 
1490.0 
1400.0 
1310.0 
1220.0 
1550.0 
1640.0 
1730.0 
1820.0 
1690.0 
1780.0 
1870.0 
1960.0 
1770.0 
1820.0 
1890.0 
1975.0 
1910.0 
2000.0 
2090.0 
2180.0 
1990.0 
2040.0 
2110.0 
2195.0 
2130.0 
2220.0 
2310.0 
2400.0 
2210.0 
2260.0 
2330.0 
2415.0 
2350.0 
2440.0 
2530.0 
2620.0 
2430.0 
2480.0 
2550.0 
2635.0 
2570.0 
2660.0 
2750.0 
2840.0 
2610.0 
2700.0 
2770.0 
2855.0 
2470.0 
2560.0 
2650.0 
2740.0 
500.0 
410.0 
320.0 
230.0 
180.0 
90.0 
0.0 
90.0 
200.0 
130.0 
80.0 
130.0 
540.0 
450.0 
360.0 
270.0 
555.0 
470.0 
400.0 
350.0 
760.0 
670.0 
580.0 
490.0 
775.0 
690.0 
620.0 
570.0 
980.0 
890.0 
800.0 
710.0 
995.0 
910.0 
840.0 
790.0 
1200.0 
1110.0 
1020.0 
930.0 
1215.0 
1130.0 
1060.0 
1010.0 
1420.0 
1330.0 
1240.0 
1150.0 
1460.0 
1550.0 
1640.0 
1730.0 
1600.0 
1690.0 
1780.0 
1870.0 
1680.0 
1730.0 
1800.0 
1885.0 
1820.0 
1910.0 
2000.0 
2090.0 
1900.0 
1950.0 
2020.0 
2105.0 
2040.0 
2130.0 
2220.0 
2310.0 
2120.0 
2170.0 
2240.0 
2325.0 
2260.0 
2350.0 
2440.0 
2530.0 
2340.0 
2390.0 
2460.0 
2545.0 
2480.0 
2570.0 
2660.0 
2750.0 
2560.0 
2610.0 
2680.0 
2765.0 
2420.0 
2510.0 
2600.0 
2690.0 
410.0 
320.0 
230.0 
140.0 
270.0 
180.0 
90.0 
0.0 
285.0 
200.0 
130.0 
80.0 
490.0 
400.0 
310.0 
220.0 
505.0 
420.0 
350.0 
300.0 
710.0 
620.0 
530.0 
440.0 
725.0 
640.0 
570.0 
520.0 
930.0 
840.0 
750.0 
660.0 
945.0 
860.0 
790.0 
740.0 
1150.0 
1060.0 
970.0 
880.0 
1165.0 
1080.0 
1010.0 
960.0 
1370.0 
1280.0 
1190.0 
1100.0 
1745.0 
1835.0 
1925.0 
2015.0 
1885.0 
1975.0 
2065.0 
2155.0 
1965.0 
2015.0 
2085.0 
2170.0 
2105.0 
2195.0 
2285.0 
2375.0 
2185.0 
2235.0 
2305.0 
2390.0 
2325.0 
2415.0 
2505.0 
2595.0 
2405.0 
2455.0 
2525.0 
2610.0 
2545.0 
2635.0 
2725.0 
2815.0 
2625.0 
2675.0 
2745.0 
2830.0 
2765.0 
2855.0 
2945.0 
3035.0 
2750.0 
2840.0 
2930.0 
3020.0 
2610.0 
2700.0 
2790.0 
2880.0 
695.0 
605.0 
515.0 
425.0 
80.0 
130.0 
200.0 
285.0 
0.0 
90.0 
180.0 
270.0 
680.0 
590.0 
500.0 
410.0 
695.0 
610.0 
540.0 
490.0 
900.0 
810.0 
720.0 
630.0 
915.0 
830.0 
760.0 
710.0 
1120.0 
1030.0 
940.0 
850.0 
1135.0 
1050.0 
980.0 
930.0 
1340.0 
1250.0 
1160.0 
1070.0 
1355.0 
1270.0 
1200.0 
1150.0 
1560.0 
1470.0 
1380.0 
1290.0 
1660.0 
1750.0 
1840.0 
1930.0 
1800.0 
1890.0 
1980.0 
2070.0 
1880.0 
1930.0 
2000.0 
2085.0 
2020.0 
2110.0 
2200.0 
2290.0 
2100.0 
2150.0 
2220.0 
2305.0 
2240.0 
2330.0 
2420.0 
2510.0 
2320.0 
2370.0 
2440.0 
2525.0 
2460.0 
2550.0 
2640.0 
2730.0 
2540.0 
2590.0 
2660.0 
2745.0 
2680.0 
2770.0 
2860.0 
2945.0 
2660.0 
2750.0 
2840.0 
2930.0 
2520.0 
2610.0 
2700.0 
2790.0 
610.0 
520.0 
430.0 
340.0 
130.0 
80.0 
130.0 
200.0 
90.0 
0.0 
90.0 
180.0 
590.0 
500.0 
410.0 
320.0 
605.0 
520.0 
450.0 
400.0 
810.0 
720.0 
630.0 
540.0 
825.0 
740.0 
670.0 
620.0 
1030.0 
940.0 
850.0 
760.0 
1045.0 
960.0 
890.0 
840.0 
1250.0 
1160.0 
1070.0 
980.0 
1265.0 
1180.0 
1110.0 
1060.0 
1470.0 
1380.0 
1290.0 
1200.0 
1590.0 
1680.0 
1770.0 
1860.0 
1730.0 
1820.0 
1910.0 
2000.0 
1810.0 
1860.0 
1930.0 
2015.0 
1950.0 
2040.0 
2130.0 
2220.0 
2030.0 
2080.0 
2150.0 
2235.0 
2170.0 
2260.0 
2350.0 
2440.0 
2250.0 
2300.0 
2370.0 
2455.0 
2390.0 
2480.0 
2570.0 
2660.0 
2470.0 
2520.0 
2590.0 
2675.0 
2610.0 
2700.0 
2770.0 
2855.0 
2570.0 
2660.0 
2750.0 
2840.0 
2430.0 
2520.0 
2610.0 
2700.0 
540.0 
450.0 
360.0 
270.0 
200.0 
130.0 
80.0 
130.0 
180.0 
90.0 
0.0 
90.0 
500.0 
410.0 
320.0 
230.0 
515.0 
430.0 
360.0 
310.0 
720.0 
630.0 
540.0 
450.0 
735.0 
650.0 
580.0 
530.0 
940.0 
850.0 
760.0 
670.0 
955.0 
870.0 
800.0 
750.0 
1160.0 
1070.0 
980.0 
890.0 
1175.0 
1090.0 
1020.0 
970.0 
1380.0 
1290.0 
1200.0 
1110.0 
1540.0 
1630.0 
1720.0 
1810.0 
1680.0 
1770.0 
1860.0 
1950.0 
1760.0 
1810.0 
1880.0 
1965.0 
1900.0 
1990.0 
2080.0 
2170.0 
1980.0 
2030.0 
2100.0 
2185.0 
2120.0 
2210.0 
2300.0 
2390.0 
2200.0 
2250.0 
2320.0 
2405.0 
2340.0 
2430.0 
2520.0 
2610.0 
2420.0 
2470.0 
2540.0 
2625.0 
2560.0 
2610.0 
2680.0 
2765.0 
2480.0 
2570.0 
2660.0 
2750.0 
2340.0 
2430.0 
2520.0 
2610.0 
490.0 
400.0 
310.0 
220.0 
285.0 
200.0 
130.0 
80.0 
270.0 
180.0 
90.0 
0.0 
410.0 
320.0 
230.0 
140.0 
425.0 
340.0 
270.0 
220.0 
630.0 
540.0 
450.0 
360.0 
645.0 
560.0 
490.0 
440.0 
850.0 
760.0 
670.0 
580.0 
865.0 
780.0 
710.0 
660.0 
1070.0 
980.0 
890.0 
800.0 
1085.0 
1000.0 
930.0 
880.0 
1290.0 
1200.0 
1110.0 
1020.0 
1950.0 
2040.0 
2130.0 
2220.0 
2090.0 
2180.0 
2270.0 
2360.0 
2170.0 
2220.0 
2290.0 
2375.0 
2310.0 
2400.0 
2490.0 
2580.0 
2390.0 
2440.0 
2510.0 
2595.0 
2530.0 
2620.0 
2710.0 
2800.0 
2610.0 
2660.0 
2730.0 
2815.0 
2750.0 
2840.0 
2930.0 
3020.0 
2765.0 
2855.0 
2945.0 
3035.0 
2625.0 
2675.0 
2745.0 
2830.0 
2545.0 
2635.0 
2725.0 
2815.0 
2405.0 
2495.0 
2585.0 
2675.0 
900.0 
810.0 
720.0 
630.0 
695.0 
610.0 
540.0 
490.0 
680.0 
590.0 
500.0 
410.0 
0.0 
90.0 
180.0 
270.0 
80.0 
130.0 
200.0 
285.0 
695.0 
605.0 
515.0 
425.0 
710.0 
625.0 
555.0 
505.0 
915.0 
825.0 
735.0 
645.0 
930.0 
845.0 
775.0 
725.0 
1135.0 
1045.0 
955.0 
865.0 
1150.0 
1065.0 
995.0 
945.0 
1355.0 
1265.0 
1175.0 
1085.0 
1860.0 
1950.0 
2040.0 
2130.0 
2000.0 
2090.0 
2180.0 
2270.0 
2080.0 
2130.0 
2200.0 
2285.0 
2220.0 
2310.0 
2400.0 
2490.0 
2300.0 
2350.0 
2420.0 
2505.0 
2440.0 
2530.0 
2620.0 
2710.0 
2520.0 
2570.0 
2640.0 
2725.0 
2660.0 
2750.0 
2840.0 
2930.0 
2680.0 
2770.0 
2860.0 
2945.0 
2540.0 
2590.0 
2660.0 
2745.0 
2460.0 
2550.0 
2640.0 
2730.0 
2320.0 
2410.0 
2500.0 
2590.0 
810.0 
720.0 
630.0 
540.0 
605.0 
520.0 
450.0 
400.0 
590.0 
500.0 
410.0 
320.0 
90.0 
0.0 
90.0 
180.0 
130.0 
80.0 
130.0 
200.0 
610.0 
520.0 
430.0 
340.0 
625.0 
540.0 
470.0 
420.0 
830.0 
740.0 
650.0 
560.0 
845.0 
760.0 
690.0 
640.0 
1050.0 
960.0 
870.0 
780.0 
1065.0 
980.0 
910.0 
860.0 
1270.0 
1180.0 
1090.0 
1000.0 
1770.0 
1860.0 
1950.0 
2040.0 
1910.0 
2000.0 
2090.0 
2180.0 
1990.0 
2040.0 
2110.0 
2195.0 
2130.0 
2220.0 
2310.0 
2400.0 
2210.0 
2260.0 
2330.0 
2415.0 
2350.0 
2440.0 
2530.0 
2620.0 
2430.0 
2480.0 
2550.0 
2635.0 
2570.0 
2660.0 
2750.0 
2840.0 
2610.0 
2700.0 
2770.0 
2855.0 
2470.0 
2520.0 
2590.0 
2675.0 
2390.0 
2480.0 
2570.0 
2660.0 
2250.0 
2340.0 
2430.0 
2520.0 
720.0 
630.0 
540.0 
450.0 
515.0 
430.0 
360.0 
310.0 
500.0 
410.0 
320.0 
230.0 
180.0 
90.0 
0.0 
90.0 
200.0 
130.0 
80.0 
130.0 
540.0 
450.0 
360.0 
270.0 
555.0 
470.0 
400.0 
350.0 
760.0 
670.0 
580.0 
490.0 
775.0 
690.0 
620.0 
570.0 
980.0 
890.0 
800.0 
710.0 
995.0 
910.0 
840.0 
790.0 
1200.0 
1110.0 
1020.0 
930.0 
1680.0 
1770.0 
1860.0 
1950.0 
1820.0 
1910.0 
2000.0 
2090.0 
1900.0 
1950.0 
2020.0 
2105.0 
2040.0 
2130.0 
2220.0 
2310.0 
2120.0 
2170.0 
2240.0 
2325.0 
2260.0 
2350.0 
2440.0 
2530.0 
2340.0 
2390.0 
2460.0 
2545.0 
2480.0 
2570.0 
2660.0 
2750.0 
2560.0 
2610.0 
2680.0 
2765.0 
2420.0 
2470.0 
2540.0 
2625.0 
2340.0 
2430.0 
2520.0 
2610.0 
2200.0 
2290.0 
2380.0 
2470.0 
630.0 
540.0 
450.0 
360.0 
425.0 
340.0 
270.0 
220.0 
410.0 
320.0 
230.0 
140.0 
270.0 
180.0 
90.0 
0.0 
285.0 
200.0 
130.0 
80.0 
490.0 
400.0 
310.0 
220.0 
505.0 
420.0 
350.0 
300.0 
710.0 
620.0 
530.0 
440.0 
725.0 
640.0 
570.0 
520.0 
930.0 
840.0 
750.0 
660.0 
945.0 
860.0 
790.0 
740.0 
1150.0 
1060.0 
970.0 
880.0 
1965.0 
2055.0 
2145.0 
2235.0 
2105.0 
2195.0 
2285.0 
2375.0 
2185.0 
2235.0 
2305.0 
2390.0 
2325.0 
2415.0 
2505.0 
2595.0 
2405.0 
2455.0 
2525.0 
2610.0 
2545.0 
2635.0 
2725.0 
2815.0 
2625.0 
2675.0 
2745.0 
2830.0 
2765.0 
2855.0 
2945.0 
3035.0 
2750.0 
2840.0 
2930.0 
3020.0 
2610.0 
2660.0 
2730.0 
2815.0 
2530.0 
2620.0 
2710.0 
2800.0 
2390.0 
2480.0 
2570.0 
2660.0 
915.0 
825.0 
735.0 
645.0 
710.0 
625.0 
555.0 
505.0 
695.0 
605.0 
515.0 
425.0 
80.0 
130.0 
200.0 
285.0 
0.0 
90.0 
180.0 
270.0 
680.0 
590.0 
500.0 
410.0 
695.0 
610.0 
540.0 
490.0 
900.0 
810.0 
720.0 
630.0 
915.0 
830.0 
760.0 
710.0 
1120.0 
1030.0 
940.0 
850.0 
1135.0 
1050.0 
980.0 
930.0 
1340.0 
1250.0 
1160.0 
1070.0 
1880.0 
1970.0 
2060.0 
2150.0 
2020.0 
2110.0 
2200.0 
2290.0 
2100.0 
2150.0 
2220.0 
2305.0 
2240.0 
2330.0 
2420.0 
2510.0 
2320.0 
2370.0 
2440.0 
2525.0 
2460.0 
2550.0 
2640.0 
2730.0 
2540.0 
2590.0 
2660.0 
2745.0 
2680.0 
2770.0 
2860.0 
2945.0 
2660.0 
2750.0 
2840.0 
2930.0 
2520.0 
2570.0 
2640.0 
2725.0 
2440.0 
2530.0 
2620.0 
2710.0 
2300.0 
2390.0 
2480.0 
2570.0 
830.0 
740.0 
650.0 
560.0 
625.0 
540.0 
470.0 
420.0 
610.0 
520.0 
430.0 
340.0 
130.0 
80.0 
130.0 
200.0 
90.0 
0.0 
90.0 
180.0 
590.0 
500.0 
410.0 
320.0 
605.0 
520.0 
450.0 
400.0 
810.0 
720.0 
630.0 
540.0 
825.0 
740.0 
670.0 
620.0 
1030.0 
940.0 
850.0 
760.0 
1045.0 
960.0 
890.0 
840.0 
1250.0 
1160.0 
1070.0 
980.0 
1810.0 
1900.0 
1990.0 
2080.0 
1950.0 
2040.0 
2130.0 
2220.0 
2030.0 
2080.0 
2150.0 
2235.0 
2170.0 
2260.0 
2350.0 
2440.0 
2250.0 
2300.0 
2370.0 
2455.0 
2390.0 
2480.0 
2570.0 
2660.0 
2470.0 
2520.0 
2590.0 
2675.0 
2610.0 
2700.0 
2770.0 
2855.0 
2570.0 
2660.0 
2750.0 
2840.0 
2430.0 
2480.0 
2550.0 
2635.0 
2350.0 
2440.0 
2530.0 
2620.0 
2210.0 
2300.0 
2390.0 
2480.0 
760.0 
670.0 
580.0 
490.0 
555.0 
470.0 
400.0 
350.0 
540.0 
450.0 
360.0 
270.0 
200.0 
130.0 
80.0 
130.0 
180.0 
90.0 
0.0 
90.0 
500.0 
410.0 
320.0 
230.0 
515.0 
430.0 
360.0 
310.0 
720.0 
630.0 
540.0 
450.0 
735.0 
650.0 
580.0 
530.0 
940.0 
850.0 
760.0 
670.0 
955.0 
870.0 
800.0 
750.0 
1160.0 
1070.0 
980.0 
890.0 
1760.0 
1850.0 
1940.0 
2030.0 
1900.0 
1990.0 
2080.0 
2170.0 
1980.0 
2030.0 
2100.0 
2185.0 
2120.0 
2210.0 
2300.0 
2390.0 
2200.0 
2250.0 
2320.0 
2405.0 
2340.0 
2430.0 
2520.0 
2610.0 
2420.0 
2470.0 
2540.0 
2625.0 
2560.0 
2610.0 
2680.0 
2765.0 
2480.0 
2570.0 
2660.0 
2750.0 
2340.0 
2390.0 
2460.0 
2545.0 
2260.0 
2350.0 
2440.0 
2530.0 
2120.0 
2210.0 
2300.0 
2390.0 
710.0 
620.0 
530.0 
440.0 
505.0 
420.0 
350.0 
300.0 
490.0 
400.0 
310.0 
220.0 
285.0 
200.0 
130.0 
80.0 
270.0 
180.0 
90.0 
0.0 
410.0 
320.0 
230.0 
140.0 
425.0 
340.0 
270.0 
220.0 
630.0 
540.0 
450.0 
360.0 
645.0 
560.0 
490.0 
440.0 
850.0 
760.0 
670.0 
580.0 
865.0 
780.0 
710.0 
660.0 
1070.0 
980.0 
890.0 
800.0 
2170.0 
2260.0 
2350.0 
2440.0 
2310.0 
2400.0 
2490.0 
2580.0 
2390.0 
2440.0 
2510.0 
2595.0 
2530.0 
2620.0 
2710.0 
2800.0 
2610.0 
2660.0 
2730.0 
2815.0 
2750.0 
2840.0 
2930.0 
3020.0 
2765.0 
2855.0 
2945.0 
3035.0 
2625.0 
2675.0 
2745.0 
2830.0 
2545.0 
2635.0 
2725.0 
2815.0 
2405.0 
2455.0 
2525.0 
2610.0 
2325.0 
2415.0 
2505.0 
2595.0 
2185.0 
2275.0 
2365.0 
2455.0 
1120.0 
1030.0 
940.0 
850.0 
915.0 
830.0 
760.0 
710.0 
900.0 
810.0 
720.0 
630.0 
695.0 
610.0 
540.0 
490.0 
680.0 
590.0 
500.0 
410.0 
0.0 
90.0 
180.0 
270.0 
80.0 
130.0 
200.0 
285.0 
695.0 
605.0 
515.0 
425.0 
710.0 
625.0 
555.0 
505.0 
915.0 
825.0 
735.0 
645.0 
930.0 
845.0 
775.0 
725.0 
1135.0 
1045.0 
955.0 
865.0 
2080.0 
2170.0 
2260.0 
2350.0 
2220.0 
2310.0 
2400.0 
2490.0 
2300.0 
2350.0 
2420.0 
2505.0 
2440.0 
2530.0 
2620.0 
2710.0 
2520.0 
2570.0 
2640.0 
2725.0 
2660.0 
2750.0 
2840.0 
2930.0 
2680.0 
2770.0 
2860.0 
2945.0 
2540.0 
2590.0 
2660.0 
2745.0 
2460.0 
2550.0 
2640.0 
2730.0 
2320.0 
2370.0 
2440.0 
2525.0 
2240.0 
2330.0 
2420.0 
2510.0 
2100.0 
2190.0 
2280.0 
2370.0 
1030.0 
940.0 
850.0 
760.0 
825.0 
740.0 
670.0 
620.0 
810.0 
720.0 
630.0 
540.0 
605.0 
520.0 
450.0 
400.0 
590.0 
500.0 
410.0 
320.0 
90.0 
0.0 
90.0 
180.0 
130.0 
80.0 
130.0 
200.0 
610.0 
520.0 
430.0 
340.0 
625.0 
540.0 
470.0 
420.0 
830.0 
740.0 
650.0 
560.0 
845.0 
760.0 
690.0 
640.0 
1050.0 
960.0 
870.0 
780.0 
1990.0 
2080.0 
2170.0 
2260.0 
2130.0 
2220.0 
2310.0 
2400.0 
2210.0 
2260.0 
2330.0 
2415.0 
2350.0 
2440.0 
2530.0 
2620.0 
2430.0 
2480.0 
2550.0 
2635.0 
2570.0 
2660.0 
2750.0 
2840.0 
2610.0 
2700.0 
2770.0 
2855.0 
2470.0 
2520.0 
2590.0 
2675.0 
2390.0 
2480.0 
2570.0 
2660.0 
2250.0 
2300.0 
2370.0 
2455.0 
2170.0 
2260.0 
2350.0 
2440.0 
2030.0 
2120.0 
2210.0 
2300.0 
940.0 
850.0 
760.0 
670.0 
735.0 
650.0 
580.0 
530.0 
720.0 
630.0 
540.0 
450.0 
515.0 
430.0 
360.0 
310.0 
500.0 
410.0 
320.0 
230.0 
180.0 
90.0 
0.0 
90.0 
200.0 
130.0 
80.0 
130.0 
540.0 
450.0 
360.0 
270.0 
555.0 
470.0 
400.0 
350.0 
760.0 
670.0 
580.0 
490.0 
775.0 
690.0 
620.0 
570.0 
980.0 
890.0 
800.0 
710.0 
1900.0 
1990.0 
2080.0 
2170.0 
2040.0 
2130.0 
2220.0 
2310.0 
2120.0 
2170.0 
2240.0 
2325.0 
2260.0 
2350.0 
2440.0 
2530.0 
2340.0 
2390.0 
2460.0 
2545.0 
2480.0 
2570.0 
2660.0 
2750.0 
2560.0 
2610.0 
2680.0 
2765.0 
2420.0 
2470.0 
2540.0 
2625.0 
2340.0 
2430.0 
2520.0 
2610.0 
2200.0 
2250.0 
2320.0 
2405.0 
2120.0 
2210.0 
2300.0 
2390.0 
1980.0 
2070.0 
2160.0 
2250.0 
850.0 
760.0 
670.0 
580.0 
645.0 
560.0 
490.0 
440.0 
630.0 
540.0 
450.0 
360.0 
425.0 
340.0 
270.0 
220.0 
410.0 
320.0 
230.0 
140.0 
270.0 
180.0 
90.0 
0.0 
285.0 
200.0 
130.0 
80.0 
490.0 
400.0 
310.0 
220.0 
505.0 
420.0 
350.0 
300.0 
710.0 
620.0 
530.0 
440.0 
725.0 
640.0 
570.0 
520.0 
930.0 
840.0 
750.0 
660.0 
2185.0 
2275.0 
2365.0 
2455.0 
2325.0 
2415.0 
2505.0 
2595.0 
2405.0 
2455.0 
2525.0 
2610.0 
2545.0 
2635.0 
2725.0 
2815.0 
2625.0 
2675.0 
2745.0 
2830.0 
2765.0 
2855.0 
2945.0 
3035.0 
2750.0 
2840.0 
2930.0 
3020.0 
2610.0 
2660.0 
2730.0 
2815.0 
2530.0 
2620.0 
2710.0 
2800.0 
2390.0 
2440.0 
2510.0 
2595.0 
2310.0 
2400.0 
2490.0 
2580.0 
2170.0 
2260.0 
2350.0 
2440.0 
1135.0 
1045.0 
955.0 
865.0 
930.0 
845.0 
775.0 
725.0 
915.0 
825.0 
735.0 
645.0 
710.0 
625.0 
555.0 
505.0 
695.0 
605.0 
515.0 
425.0 
80.0 
130.0 
200.0 
285.0 
0.0 
90.0 
180.0 
270.0 
680.0 
590.0 
500.0 
410.0 
695.0 
610.0 
540.0 
490.0 
900.0 
810.0 
720.0 
630.0 
915.0 
830.0 
760.0 
710.0 
1120.0 
1030.0 
940.0 
850.0 
2100.0 
2190.0 
2280.0 
2370.0 
2240.0 
2330.0 
2420.0 
2510.0 
2320.0 
2370.0 
2440.0 
2525.0 
2460.0 
2550.0 
2640.0 
2730.0 
2540.0 
2590.0 
2660.0 
2745.0 
2680.0 
2770.0 
2860.0 
2945.0 
2660.0 
2750.0 
2840.0 
2930.0 
2520.0 
2570.0 
2640.0 
2725.0 
2440.0 
2530.0 
2620.0 
2710.0 
2300.0 
2350.0 
2420.0 
2505.0 
2220.0 
2310.0 
2400.0 
2490.0 
2080.0 
2170.0 
2260.0 
2350.0 
1050.0 
960.0 
870.0 
780.0 
845.0 
760.0 
690.0 
640.0 
830.0 
740.0 
650.0 
560.0 
625.0 
540.0 
470.0 
420.0 
610.0 
520.0 
430.0 
340.0 
130.0 
80.0 
130.0 
200.0 
90.0 
0.0 
90.0 
180.0 
590.0 
500.0 
410.0 
320.0 
605.0 
520.0 
450.0 
400.0 
810.0 
720.0 
630.0 
540.0 
825.0 
740.0 
670.0 
620.0 
1030.0 
940.0 
850.0 
760.0 
2030.0 
2120.0 
2210.0 
2300.0 
2170.0 
2260.0 
2350.0 
2440.0 
2250.0 
2300.0 
2370.0 
2455.0 
2390.0 
2480.0 
2570.0 
2660.0 
2470.0 
2520.0 
2590.0 
2675.0 
2610.0 
2700.0 
2770.0 
2855.0 
2570.0 
2660.0 
2750.0 
2840.0 
2430.0 
2480.0 
2550.0 
2635.0 
2350.0 
2440.0 
2530.0 
2620.0 
2210.0 
2260.0 
2330.0 
2415.0 
2130.0 
2220.0 
2310.0 
2400.0 
1990.0 
2080.0 
2170.0 
2260.0 
980.0 
890.0 
800.0 
710.0 
775.0 
690.0 
620.0 
570.0 
760.0 
670.0 
580.0 
490.0 
555.0 
470.0 
400.0 
350.0 
540.0 
450.0 
360.0 
270.0 
200.0 
130.0 
80.0 
130.0 
180.0 
90.0 
0.0 
90.0 
500.0 
410.0 
320.0 
230.0 
515.0 
430.0 
360.0 
310.0 
720.0 
630.0 
540.0 
450.0 
735.0 
650.0 
580.0 
530.0 
940.0 
850.0 
760.0 
670.0 
1980.0 
2070.0 
2160.0 
2250.0 
2120.0 
2210.0 
2300.0 
2390.0 
2200.0 
2250.0 
2320.0 
2405.0 
2340.0 
2430.0 
2520.0 
2610.0 
2420.0 
2470.0 
2540.0 
2625.0 
2560.0 
2610.0 
2680.0 
2765.0 
2480.0 
2570.0 
2660.0 
2750.0 
2340.0 
2390.0 
2460.0 
2545.0 
2260.0 
2350.0 
2440.0 
2530.0 
2120.0 
2170.0 
2240.0 
2325.0 
2040.0 
2130.0 
2220.0 
2310.0 
1900.0 
1990.0 
2080.0 
2170.0 
930.0 
840.0 
750.0 
660.0 
725.0 
640.0 
570.0 
520.0 
710.0 
620.0 
530.0 
440.0 
505.0 
420.0 
350.0 
300.0 
490.0 
400.0 
310.0 
220.0 
285.0 
200.0 
130.0 
80.0 
270.0 
180.0 
90.0 
0.0 
410.0 
320.0 
230.0 
140.0 
425.0 
340.0 
270.0 
220.0 
630.0 
540.0 
450.0 
360.0 
645.0 
560.0 
490.0 
440.0 
850.0 
760.0 
670.0 
580.0 
2390.0 
2480.0 
2570.0 
2660.0 
2530.0 
2620.0 
2710.0 
2800.0 
2610.0 
2660.0 
2730.0 
2815.0 
2750.0 
2840.0 
2930.0 
3020.0 
2765.0 
2855.0 
2945.0 
3035.0 
2625.0 
2675.0 
2745.0 
2830.0 
2545.0 
2635.0 
2725.0 
2815.0 
2405.0 
2455.0 
2525.0 
2610.0 
2325.0 
2415.0 
2505.0 
2595.0 
2185.0 
2235.0 
2305.0 
2390.0 
2105.0 
2195.0 
2285.0 
2375.0 
1965.0 
2055.0 
2145.0 
2235.0 
1340.0 
1250.0 
1160.0 
1070.0 
1135.0 
1050.0 
980.0 
930.0 
1120.0 
1030.0 
940.0 
850.0 
915.0 
830.0 
760.0 
710.0 
900.0 
810.0 
720.0 
630.0 
695.0 
610.0 
540.0 
490.0 
680.0 
590.0 
500.0 
410.0 
0.0 
90.0 
180.0 
270.0 
80.0 
130.0 
200.0 
285.0 
695.0 
605.0 
515.0 
425.0 
710.0 
625.0 
555.0 
505.0 
915.0 
825.0 
735.0 
645.0 
2300.0 
2390.0 
2480.0 
2570.0 
2440.0 
2530.0 
2620.0 
2710.0 
2520.0 
2570.0 
2640.0 
2725.0 
2660.0 
2750.0 
2840.0 
2930.0 
2680.0 
2770.0 
2860.0 
2945.0 
2540.0 
2590.0 
2660.0 
2745.0 
2460.0 
2550.0 
2640.0 
2730.0 
2320.0 
2370.0 
2440.0 
2525.0 
2240.0 
2330.0 
2420.0 
2510.0 
2100.0 
2150.0 
2220.0 
2305.0 
2020.0 
2110.0 
2200.0 
2290.0 
1880.0 
1970.0 
2060.0 
2150.0 
1250.0 
1160.0 
1070.0 
980.0 
1045.0 
960.0 
890.0 
840.0 
1030.0 
940.0 
850.0 
760.0 
825.0 
740.0 
670.0 
620.0 
810.0 
720.0 
630.0 
540.0 
605.0 
520.0 
450.0 
400.0 
590.0 
500.0 
410.0 
320.0 
90.0 
0.0 
90.0 
180.0 
130.0 
80.0 
130.0 
200.0 
610.0 
520.0 
430.0 
340.0 
625.0 
540.0 
470.0 
420.0 
830.0 
740.0 
650.0 
560.0 
2210.0 
2300.0 
2390.0 
2480.0 
2350.0 
2440.0 
2530.0 
2620.0 
2430.0 
2480.0 
2550.0 
2635.0 
2570.0 
2660.0 
2750.0 
2840.0 
2610.0 
2700.0 
2770.0 
2855.0 
2470.0 
2520.0 
2590.0 
2675.0 
2390.0 
2480.0 
2570.0 
2660.0 
2250.0 
2300.0 
2370.0 
2455.0 
2170.0 
2260.0 
2350.0 
2440.0 
2030.0 
2080.0 
2150.0 
2235.0 
1950.0 
2040.0 
2130.0 
2220.0 
1810.0 
1900.0 
1990.0 
2080.0 
1160.0 
1070.0 
980.0 
890.0 
955.0 
870.0 
800.0 
750.0 
940.0 
850.0 
760.0 
670.0 
735.0 
650.0 
580.0 
530.0 
720.0 
630.0 
540.0 
450.0 
515.0 
430.0 
360.0 
310.0 
500.0 
410.0 
320.0 
230.0 
180.0 
90.0 
0.0 
90.0 
200.0 
130.0 
80.0 
130.0 
540.0 
450.0 
360.0 
270.0 
555.0 
470.0 
400.0 
350.0 
760.0 
670.0 
580.0 
490.0 
2120.0 
2210.0 
2300.0 
2390.0 
2260.0 
2350.0 
2440.0 
2530.0 
2340.0 
2390.0 
2460.0 
2545.0 
2480.0 
2570.0 
2660.0 
2750.0 
2560.0 
2610.0 
2680.0 
2765.0 
2420.0 
2470.0 
2540.0 
2625.0 
2340.0 
2430.0 
2520.0 
2610.0 
2200.0 
2250.0 
2320.0 
2405.0 
2120.0 
2210.0 
2300.0 
2390.0 
1980.0 
2030.0 
2100.0 
2185.0 
1900.0 
1990.0 
2080.0 
2170.0 
1760.0 
1850.0 
1940.0 
2030.0 
1070.0 
980.0 
890.0 
800.0 
865.0 
780.0 
710.0 
660.0 
850.0 
760.0 
670.0 
580.0 
645.0 
560.0 
490.0 
440.0 
630.0 
540.0 
450.0 
360.0 
425.0 
340.0 
270.0 
220.0 
410.0 
320.0 
230.0 
140.0 
270.0 
180.0 
90.0 
0.0 
285.0 
200.0 
130.0 
80.0 
490.0 
400.0 
310.0 
220.0 
505.0 
420.0 
350.0 
300.0 
710.0 
620.0 
530.0 
440.0 
2405.0 
2495.0 
2585.0 
2675.0 
2545.0 
2635.0 
2725.0 
2815.0 
2625.0 
2675.0 
2745.0 
2830.0 
2765.0 
2855.0 
2945.0 
3035.0 
2750.0 
2840.0 
2930.0 
3020.0 
2610.0 
2660.0 
2730.0 
2815.0 
2530.0 
2620.0 
2710.0 
2800.0 
2390.0 
2440.0 
2510.0 
2595.0 
2310.0 
2400.0 
2490.0 
2580.0 
2170.0 
2220.0 
2290.0 
2375.0 
2090.0 
2180.0 
2270.0 
2360.0 
1950.0 
2040.0 
2130.0 
2220.0 
1355.0 
1265.0 
1175.0 
1085.0 
1150.0 
1065.0 
995.0 
945.0 
1135.0 
1045.0 
955.0 
865.0 
930.0 
845.0 
775.0 
725.0 
915.0 
825.0 
735.0 
645.0 
710.0 
625.0 
555.0 
505.0 
695.0 
605.0 
515.0 
425.0 
80.0 
130.0 
200.0 
285.0 
0.0 
90.0 
180.0 
270.0 
680.0 
590.0 
500.0 
410.0 
695.0 
610.0 
540.0 
490.0 
900.0 
810.0 
720.0 
630.0 
2320.0 
2410.0 
2500.0 
2590.0 
2460.0 
2550.0 
2640.0 
2730.0 
2540.0 
2590.0 
2660.0 
2745.0 
2680.0 
2770.0 
2860.0 
2945.0 
2660.0 
2750.0 
2840.0 
2930.0 
2520.0 
2570.0 
2640.0 
2725.0 
2440.0 
2530.0 
2620.0 
2710.0 
2300.0 
2350.0 
2420.0 
2505.0 
2220.0 
2310.0 
2400.0 
2490.0 
2080.0 
2130.0 
2200.0 
2285.0 
2000.0 
2090.0 
2180.0 
2270.0 
1860.0 
1950.0 
2040.0 
2130.0 
1270.0 
1180.0 
1090.0 
1000.0 
1065.0 
980.0 
910.0 
860.0 
1050.0 
960.0 
870.0 
780.0 
845.0 
760.0 
690.0 
640.0 
830.0 
740.0 
650.0 
560.0 
625.0 
540.0 
470.0 
420.0 
610.0 
520.0 
430.0 
340.0 
130.0 
80.0 
130.0 
200.0 
90.0 
0.0 
90.0 
180.0 
590.0 
500.0 
410.0 
320.0 
605.0 
520.0 
450.0 
400.0 
810.0 
720.0 
630.0 
540.0 
2250.0 
2340.0 
2430.0 
2520.0 
2390.0 
2480.0 
2570.0 
2660.0 
2470.0 
2520.0 
2590.0 
2675.0 
2610.0 
2700.0 
2770.0 
2855.0 
2570.0 
2660.0 
2750.0 
2840.0 
2430.0 
2480.0 
2550.0 
2635.0 
2350.0 
2440.0 
2530.0 
2620.0 
2210.0 
2260.0 
2330.0 
2415.0 
2130.0 
2220.0 
2310.0 
2400.0 
1990.0 
2040.0 
2110.0 
2195.0 
1910.0 
2000.0 
2090.0 
2180.0 
1770.0 
1860.0 
1950.0 
2040.0 
1200.0 
1110.0 
1020.0 
930.0 
995.0 
910.0 
840.0 
790.0 
980.0 
890.0 
800.0 
710.0 
775.0 
690.0 
620.0 
570.0 
760.0 
670.0 
580.0 
490.0 
555.0 
470.0 
400.0 
350.0 
540.0 
450.0 
360.0 
270.0 
200.0 
130.0 
80.0 
130.0 
180.0 
90.0 
0.0 
90.0 
500.0 
410.0 
320.0 
230.0 
515.0 
430.0 
360.0 
310.0 
720.0 
630.0 
540.0 
450.0 
2200.0 
2290.0 
2380.0 
2470.0 
2340.0 
2430.0 
2520.0 
2610.0 
2420.0 
2470.0 
2540.0 
2625.0 
2560.0 
2610.0 
2680.0 
2765.0 
2480.0 
2570.0 
2660.0 
2750.0 
2340.0 
2390.0 
2460.0 
2545.0 
2260.0 
2350.0 
2440.0 
2530.0 
2120.0 
2170.0 
2240.0 
2325.0 
2040.0 
2130.0 
2220.0 
2310.0 
1900.0 
1950.0 
2020.0 
2105.0 
1820.0 
1910.0 
2000.0 
2090.0 
1680.0 
1770.0 
1860.0 
1950.0 
1150.0 
1060.0 
970.0 
880.0 
945.0 
860.0 
790.0 
740.0 
930.0 
840.0 
750.0 
660.0 
725.0 
640.0 
570.0 
520.0 
710.0 
620.0 
530.0 
440.0 
505.0 
420.0 
350.0 
300.0 
490.0 
400.0 
310.0 
220.0 
285.0 
200.0 
130.0 
80.0 
270.0 
180.0 
90.0 
0.0 
410.0 
320.0 
230.0 
140.0 
425.0 
340.0 
270.0 
220.0 
630.0 
540.0 
450.0 
360.0 
2610.0 
2700.0 
2790.0 
2880.0 
2750.0 
2840.0 
2930.0 
3020.0 
2765.0 
2855.0 
2945.0 
3035.0 
2625.0 
2675.0 
2745.0 
2830.0 
2545.0 
2635.0 
2725.0 
2815.0 
2405.0 
2455.0 
2525.0 
2610.0 
2325.0 
2415.0 
2505.0 
2595.0 
2185.0 
2235.0 
2305.0 
2390.0 
2105.0 
2195.0 
2285.0 
2375.0 
1965.0 
2015.0 
2085.0 
2170.0 
1885.0 
1975.0 
2065.0 
2155.0 
1745.0 
1835.0 
1925.0 
2015.0 
1560.0 
1470.0 
1380.0 
1290.0 
1355.0 
1270.0 
1200.0 
1150.0 
1340.0 
1250.0 
1160.0 
1070.0 
1135.0 
1050.0 
980.0 
930.0 
1120.0 
1030.0 
940.0 
850.0 
915.0 
830.0 
760.0 
710.0 
900.0 
810.0 
720.0 
630.0 
695.0 
610.0 
540.0 
490.0 
680.0 
590.0 
500.0 
410.0 
0.0 
90.0 
180.0 
270.0 
80.0 
130.0 
200.0 
285.0 
695.0 
605.0 
515.0 
425.0 
2520.0 
2610.0 
2700.0 
2790.0 
2660.0 
2750.0 
2840.0 
2930.0 
2680.0 
2770.0 
2860.0 
2945.0 
2540.0 
2590.0 
2660.0 
2745.0 
2460.0 
2550.0 
2640.0 
2730.0 
2320.0 
2370.0 
2440.0 
2525.0 
2240.0 
2330.0 
2420.0 
2510.0 
2100.0 
2150.0 
2220.0 
2305.0 
2020.0 
2110.0 
2200.0 
2290.0 
1880.0 
1930.0 
2000.0 
2085.0 
1800.0 
1890.0 
1980.0 
2070.0 
1660.0 
1750.0 
1840.0 
1930.0 
1470.0 
1380.0 
1290.0 
1200.0 
1265.0 
1180.0 
1110.0 
1060.0 
1250.0 
1160.0 
1070.0 
980.0 
1045.0 
960.0 
890.0 
840.0 
1030.0 
940.0 
850.0 
760.0 
825.0 
740.0 
670.0 
620.0 
810.0 
720.0 
630.0 
540.0 
605.0 
520.0 
450.0 
400.0 
590.0 
500.0 
410.0 
320.0 
90.0 
0.0 
90.0 
180.0 
130.0 
80.0 
130.0 
200.0 
610.0 
520.0 
430.0 
340.0 
2430.0 
2520.0 
2610.0 
2700.0 
2570.0 
2660.0 
2750.0 
2840.0 
2610.0 
2700.0 
2770.0 
2855.0 
2470.0 
2520.0 
2590.0 
2675.0 
2390.0 
2480.0 
2570.0 
2660.0 
2250.0 
2300.0 
2370.0 
2455.0 
2170.0 
2260.0 
2350.0 
2440.0 
2030.0 
2080.0 
2150.0 
2235.0 
1950.0 
2040.0 
2130.0 
2220.0 
1810.0 
1860.0 
1930.0 
2015.0 
1730.0 
1820.0 
1910.0 
2000.0 
1590.0 
1680.0 
1770.0 
1860.0 
1380.0 
1290.0 
1200.0 
1110.0 
1175.0 
1090.0 
1020.0 
970.0 
1160.0 
1070.0 
980.0 
890.0 
955.0 
870.0 
800.0 
750.0 
940.0 
850.0 
760.0 
670.0 
735.0 
650.0 
580.0 
530.0 
720.0 
630.0 
540.0 
450.0 
515.0 
430.0 
360.0 
310.0 
500.0 
410.0 
320.0 
230.0 
180.0 
90.0 
0.0 
90.0 
200.0 
130.0 
80.0 
130.0 
540.0 
450.0 
360.0 
270.0 
2340.0 
2430.0 
2520.0 
2610.0 
2480.0 
2570.0 
2660.0 
2750.0 
2560.0 
2610.0 
2680.0 
2765.0 
2420.0 
2470.0 
2540.0 
2625.0 
2340.0 
2430.0 
2520.0 
2610.0 
2200.0 
2250.0 
2320.0 
2405.0 
2120.0 
2210.0 
2300.0 
2390.0 
1980.0 
2030.0 
2100.0 
2185.0 
1900.0 
1990.0 
2080.0 
2170.0 
1760.0 
1810.0 
1880.0 
1965.0 
1680.0 
1770.0 
1860.0 
1950.0 
1540.0 
1630.0 
1720.0 
1810.0 
1290.0 
1200.0 
1110.0 
1020.0 
1085.0 
1000.0 
930.0 
880.0 
1070.0 
980.0 
890.0 
800.0 
865.0 
780.0 
710.0 
660.0 
850.0 
760.0 
670.0 
580.0 
645.0 
560.0 
490.0 
440.0 
630.0 
540.0 
450.0 
360.0 
425.0 
340.0 
270.0 
220.0 
410.0 
320.0 
230.0 
140.0 
270.0 
180.0 
90.0 
0.0 
285.0 
200.0 
130.0 
80.0 
490.0 
400.0 
310.0 
220.0 
2625.0 
2715.0 
2805.0 
2895.0 
2765.0 
2855.0 
2945.0 
3035.0 
2750.0 
2840.0 
2930.0 
3020.0 
2610.0 
2660.0 
2730.0 
2815.0 
2530.0 
2620.0 
2710.0 
2800.0 
2390.0 
2440.0 
2510.0 
2595.0 
2310.0 
2400.0 
2490.0 
2580.0 
2170.0 
2220.0 
2290.0 
2375.0 
2090.0 
2180.0 
2270.0 
2360.0 
1950.0 
2000.0 
2070.0 
2155.0 
1870.0 
1960.0 
2050.0 
2140.0 
1730.0 
1820.0 
1910.0 
2000.0 
1575.0 
1485.0 
1395.0 
1305.0 
1370.0 
1285.0 
1215.0 
1165.0 
1355.0 
1265.0 
1175.0 
1085.0 
1150.0 
1065.0 
995.0 
945.0 
1135.0 
1045.0 
955.0 
865.0 
930.0 
845.0 
775.0 
725.0 
915.0 
825.0 
735.0 
645.0 
710.0 
625.0 
555.0 
505.0 
695.0 
605.0 
515.0 
425.0 
80.0 
130.0 
200.0 
285.0 
0.0 
90.0 
180.0 
270.0 
680.0 
590.0 
500.0 
410.0 
2540.0 
2630.0 
2720.0 
2810.0 
2680.0 
2770.0 
2860.0 
2945.0 
2660.0 
2750.0 
2840.0 
2930.0 
2520.0 
2570.0 
2640.0 
2725.0 
2440.0 
2530.0 
2620.0 
2710.0 
2300.0 
2350.0 
2420.0 
2505.0 
2220.0 
2310.0 
2400.0 
2490.0 
2080.0 
2130.0 
2200.0 
2285.0 
2000.0 
2090.0 
2180.0 
2270.0 
1860.0 
1910.0 
1980.0 
2065.0 
1780.0 
1870.0 
1960.0 
2050.0 
1640.0 
1730.0 
1820.0 
1910.0 
1490.0 
1400.0 
1310.0 
1220.0 
1285.0 
1200.0 
1130.0 
1080.0 
1270.0 
1180.0 
1090.0 
1000.0 
1065.0 
980.0 
910.0 
860.0 
1050.0 
960.0 
870.0 
780.0 
845.0 
760.0 
690.0 
640.0 
830.0 
740.0 
650.0 
560.0 
625.0 
540.0 
470.0 
420.0 
610.0 
520.0 
430.0 
340.0 
130.0 
80.0 
130.0 
200.0 
90.0 
0.0 
90.0 
180.0 
590.0 
500.0 
410.0 
320.0 
2470.0 
2560.0 
2650.0 
2740.0 
2610.0 
2700.0 
2770.0 
2855.0 
2570.0 
2660.0 
2750.0 
2840.0 
2430.0 
2480.0 
2550.0 
2635.0 
2350.0 
2440.0 
2530.0 
2620.0 
2210.0 
2260.0 
2330.0 
2415.0 
2130.0 
2220.0 
2310.0 
2400.0 
1990.0 
2040.0 
2110.0 
2195.0 
1910.0 
2000.0 
2090.0 
2180.0 
1770.0 
1820.0 
1890.0 
1975.0 
1690.0 
1780.0 
1870.0 
1960.0 
1550.0 
1640.0 
1730.0 
1820.0 
1420.0 
1330.0 
1240.0 
1150.0 
1215.0 
1130.0 
1060.0 
1010.0 
1200.0 
1110.0 
1020.0 
930.0 
995.0 
910.0 
840.0 
790.0 
980.0 
890.0 
800.0 
710.0 
775.0 
690.0 
620.0 
570.0 
760.0 
670.0 
580.0 
490.0 
555.0 
470.0 
400.0 
350.0 
540.0 
450.0 
360.0 
270.0 
200.0 
130.0 
80.0 
130.0 
180.0 
90.0 
0.0 
90.0 
500.0 
410.0 
320.0 
230.0 
2420.0 
2510.0 
2600.0 
2690.0 
2560.0 
2610.0 
2680.0 
2765.0 
2480.0 
2570.0 
2660.0 
2750.0 
2340.0 
2390.0 
2460.0 
2545.0 
2260.0 
2350.0 
2440.0 
2530.0 
2120.0 
2170.0 
2240.0 
2325.0 
2040.0 
2130.0 
2220.0 
2310.0 
1900.0 
1950.0 
2020.0 
2105.0 
1820.0 
1910.0 
2000.0 
2090.0 
1680.0 
1730.0 
1800.0 
1885.0 
1600.0 
1690.0 
1780.0 
1870.0 
1460.0 
1550.0 
1640.0 
1730.0 
1370.0 
1280.0 
1190.0 
1100.0 
1165.0 
1080.0 
1010.0 
960.0 
1150.0 
1060.0 
970.0 
880.0 
945.0 
860.0 
790.0 
740.0 
930.0 
840.0 
750.0 
660.0 
725.0 
640.0 
570.0 
520.0 
710.0 
620.0 
530.0 
440.0 
505.0 
420.0 
350.0 
300.0 
490.0 
400.0 
310.0 
220.0 
285.0 
200.0 
130.0 
80.0 
270.0 
180.0 
90.0 
0.0 
410.0 
320.0 
230.0 
140.0 
2830.0 
2920.0 
3010.0 
3100.0 
2690.0 
2740.0 
2810.0 
2895.0 
2610.0 
2700.0 
2790.0 
2880.0 
2470.0 
2520.0 
2590.0 
2675.0 
2390.0 
2480.0 
2570.0 
2660.0 
2250.0 
2300.0 
2370.0 
2455.0 
2170.0 
2260.0 
2350.0 
2440.0 
2030.0 
2080.0 
2150.0 
2235.0 
1950.0 
2040.0 
2130.0 
2220.0 
1810.0 
1860.0 
1930.0 
2015.0 
1730.0 
1820.0 
1910.0 
2000.0 
1590.0 
1680.0 
1770.0 
1860.0 
1780.0 
1690.0 
1600.0 
1510.0 
1575.0 
1490.0 
1420.0 
1370.0 
1560.0 
1470.0 
1380.0 
1290.0 
1355.0 
1270.0 
1200.0 
1150.0 
1340.0 
1250.0 
1160.0 
1070.0 
1135.0 
1050.0 
980.0 
930.0 
1120.0 
1030.0 
940.0 
850.0 
915.0 
830.0 
760.0 
710.0 
900.0 
810.0 
720.0 
630.0 
695.0 
610.0 
540.0 
490.0 
680.0 
590.0 
500.0 
410.0 
0.0 
90.0 
180.0 
270.0 
2740.0 
2830.0 
2920.0 
3010.0 
2600.0 
2650.0 
2720.0 
2805.0 
2520.0 
2610.0 
2700.0 
2790.0 
2380.0 
2430.0 
2500.0 
2585.0 
2300.0 
2390.0 
2480.0 
2570.0 
2160.0 
2210.0 
2280.0 
2365.0 
2080.0 
2170.0 
2260.0 
2350.0 
1940.0 
1990.0 
2060.0 
2145.0 
1860.0 
1950.0 
2040.0 
2130.0 
1720.0 
1770.0 
1840.0 
1925.0 
1640.0 
1730.0 
1820.0 
1910.0 
1500.0 
1590.0 
1680.0 
1770.0 
1690.0 
1600.0 
1510.0 
1420.0 
1485.0 
1400.0 
1330.0 
1280.0 
1470.0 
1380.0 
1290.0 
1200.0 
1265.0 
1180.0 
1110.0 
1060.0 
1250.0 
1160.0 
1070.0 
980.0 
1045.0 
960.0 
890.0 
840.0 
1030.0 
940.0 
850.0 
760.0 
825.0 
740.0 
670.0 
620.0 
810.0 
720.0 
630.0 
540.0 
605.0 
520.0 
450.0 
400.0 
590.0 
500.0 
410.0 
320.0 
90.0 
0.0 
90.0 
180.0 
2650.0 
2740.0 
2830.0 
2920.0 
2510.0 
2560.0 
2630.0 
2715.0 
2430.0 
2520.0 
2610.0 
2700.0 
2290.0 
2340.0 
2410.0 
2495.0 
2210.0 
2300.0 
2390.0 
2480.0 
2070.0 
2120.0 
2190.0 
2275.0 
1990.0 
2080.0 
2170.0 
2260.0 
1850.0 
1900.0 
1970.0 
2055.0 
1770.0 
1860.0 
1950.0 
2040.0 
1630.0 
1680.0 
1750.0 
1835.0 
1550.0 
1640.0 
1730.0 
1820.0 
1410.0 
1500.0 
1590.0 
1680.0 
1600.0 
1510.0 
1420.0 
1330.0 
1395.0 
1310.0 
1240.0 
1190.0 
1380.0 
1290.0 
1200.0 
1110.0 
1175.0 
1090.0 
1020.0 
970.0 
1160.0 
1070.0 
980.0 
890.0 
955.0 
870.0 
800.0 
750.0 
940.0 
850.0 
760.0 
670.0 
735.0 
650.0 
580.0 
530.0 
720.0 
630.0 
540.0 
450.0 
515.0 
430.0 
360.0 
310.0 
500.0 
410.0 
320.0 
230.0 
180.0 
90.0 
0.0 
90.0 
2560.0 
2650.0 
2740.0 
2830.0 
2420.0 
2470.0 
2540.0 
2625.0 
2340.0 
2430.0 
2520.0 
2610.0 
2200.0 
2250.0 
2320.0 
2405.0 
2120.0 
2210.0 
2300.0 
2390.0 
1980.0 
2030.0 
2100.0 
2185.0 
1900.0 
1990.0 
2080.0 
2170.0 
1760.0 
1810.0 
1880.0 
1965.0 
1680.0 
1770.0 
1860.0 
1950.0 
1540.0 
1590.0 
1660.0 
1745.0 
1460.0 
1550.0 
1640.0 
1730.0 
1320.0 
1410.0 
1500.0 
1590.0 
1510.0 
1420.0 
1330.0 
1240.0 
1305.0 
1220.0 
1150.0 
1100.0 
1290.0 
1200.0 
1110.0 
1020.0 
1085.0 
1000.0 
930.0 
880.0 
1070.0 
980.0 
890.0 
800.0 
865.0 
780.0 
710.0 
660.0 
850.0 
760.0 
670.0 
580.0 
645.0 
560.0 
490.0 
440.0 
630.0 
540.0 
450.0 
360.0 
425.0 
340.0 
270.0 
220.0 
410.0 
320.0 
230.0 
140.0 
270.0 
180.0 
90.0 
0.0 
